10
871 959 714
1 2 604
2 3 252
3 4 -459
4 5 -541
5 6 -953
6 7 -655
7 8 -780
8 9 -261
9 10 -289
10 11 567
11 12 -656
12 13 848
13 14 75
14 15 130
15 16 -29
16 17 -519
17 18 -247
18 19 186
19 20 92
20 21 -414
21 22 493
22 23 -526
23 24 -141
24 25 258
25 26 -762
26 27 -717
27 28 292
28 29 935
29 30 -249
30 31 -905
31 32 -513
32 33 -532
33 34 -704
34 35 917
35 36 -723
36 37 -303
37 38 39
38 39 985
39 40 698
40 41 561
41 42 -498
42 43 -14
43 44 759
44 45 -374
45 46 -534
46 47 -154
47 48 635
48 49 -526
49 50 -402
50 51 -508
51 52 976
52 53 293
53 54 -702
54 55 7
55 56 -887
56 57 525
57 58 796
58 59 656
59 60 -527
60 61 919
61 62 -64
62 63 163
63 64 -183
64 65 945
65 66 -448
66 67 -11
67 68 477
68 69 418
69 70 237
70 71 -605
71 72 690
72 73 -598
73 74 -625
74 75 130
75 76 647
76 77 973
77 78 701
78 79 -652
79 80 -794
80 81 328
81 82 -67
82 83 -768
83 84 -394
84 85 641
85 86 -76
86 87 134
87 88 -453
88 89 -225
89 90 222
90 91 -46
91 92 63
92 93 433
93 94 -640
94 95 425
95 96 -299
96 97 167
97 98 919
98 99 -232
99 100 617
100 101 -780
101 102 -994
102 103 105
103 104 -743
104 105 -762
105 106 114
106 107 964
107 108 827
108 109 -486
109 110 -798
110 111 750
111 112 -403
112 113 -393
113 114 -301
114 115 636
115 116 -163
116 117 -517
117 118 419
118 119 353
119 120 78
120 121 920
121 122 991
122 123 -375
123 124 553
124 125 -860
125 126 365
126 127 349
127 128 99
128 129 -881
129 130 103
130 131 -468
131 132 -629
132 133 153
133 134 -95
134 135 -140
135 136 -298
136 137 -923
137 138 -388
138 139 -458
139 140 -944
140 141 -159
141 142 819
142 143 -210
143 144 -641
144 145 775
145 146 -902
146 147 107
147 148 194
148 149 -882
149 150 -79
150 151 -863
151 152 -12
152 153 -205
153 154 -863
154 155 -205
155 156 982
156 157 292
157 158 873
158 159 -200
159 160 497
160 161 -621
161 162 -66
162 163 789
163 164 -809
164 165 -857
165 166 352
166 167 -891
167 168 522
168 169 682
169 170 291
170 171 -19
171 172 709
172 173 661
173 174 778
174 175 899
175 176 121
176 177 -501
177 178 -510
178 179 743
179 180 927
180 181 -759
181 182 -843
182 183 -650
183 184 -663
184 185 780
185 186 699
186 187 -586
187 188 948
188 189 946
189 190 -581
190 191 930
191 192 429
192 193 394
193 194 361
194 195 -501
195 196 -397
196 197 399
197 198 291
198 199 -437
199 200 -281
200 201 505
201 202 447
202 203 -600
203 204 -439
204 205 323
205 206 811
206 207 -373
207 208 422
208 209 698
209 210 395
210 211 -881
211 212 -142
212 213 292
213 214 -342
214 215 481
215 216 650
216 217 -238
217 218 -871
218 219 -403
219 220 -341
220 221 285
221 222 -846
222 223 -596
223 224 733
224 225 -192
225 226 921
226 227 -554
227 228 546
228 229 -287
229 230 -264
230 231 -246
231 232 -562
232 233 -836
233 234 573
234 235 631
235 236 -446
236 237 -675
237 238 -706
238 239 284
239 240 33
240 241 587
241 242 -722
242 243 -855
243 244 -160
244 245 -304
245 246 -967
246 247 45
247 248 -296
248 249 726
249 250 -192
250 251 -568
251 252 -765
252 253 -867
253 254 105
254 255 -515
255 256 -140
256 257 93
257 258 828
258 259 -801
259 260 395
260 261 -636
261 262 993
262 263 967
263 264 -686
264 265 -407
265 266 546
266 267 -223
267 268 876
268 269 -394
269 270 163
270 271 -431
271 272 765
272 273 -387
273 274 -887
274 275 -713
275 276 277
276 277 -623
277 278 64
278 279 -233
279 280 302
280 281 445
281 282 -264
282 283 208
283 284 -122
284 285 -169
285 286 120
286 287 509
287 288 -894
288 289 -597
289 290 827
290 291 -847
291 292 55
292 293 658
293 294 -47
294 295 -293
295 296 -835
296 297 -390
297 298 -244
298 299 202
299 300 -301
300 301 15
301 302 933
302 303 412
303 304 -496
304 305 157
305 306 -706
306 307 873
307 308 357
308 309 -309
309 310 488
310 311 185
311 312 292
312 313 613
313 314 -403
314 315 -876
315 316 -78
316 317 -93
317 318 -168
318 319 54
319 320 -586
320 321 -747
321 322 -994
322 323 -596
323 324 -694
324 325 -295
325 326 992
326 327 -766
327 328 440
328 329 204
329 330 959
330 331 348
331 332 528
332 333 -880
333 334 -308
334 335 -796
335 336 -257
336 337 -870
337 338 -383
338 339 49
339 340 769
340 341 11
341 342 -689
342 343 358
343 344 600
344 345 -49
345 346 57
346 347 841
347 348 396
348 349 -380
349 350 -754
350 351 540
351 352 327
352 353 975
353 354 80
354 355 882
355 356 767
356 357 818
357 358 -404
358 359 -760
359 360 737
360 361 -660
361 362 -271
362 363 -327
363 364 -633
364 365 -239
365 366 -880
366 367 374
367 368 -888
368 369 -169
369 370 705
370 371 943
371 372 -230
372 373 -651
373 374 102
374 375 897
375 376 305
376 377 -750
377 378 137
378 379 726
379 380 -391
380 381 793
381 382 876
382 383 893
383 384 -359
384 385 -748
385 386 -243
386 387 707
387 388 -886
388 389 651
389 390 -931
390 391 -1000
391 392 -950
392 393 -59
393 394 -530
394 395 -161
395 396 -460
396 397 -676
397 398 758
398 399 136
399 400 205
400 401 829
401 402 987
402 403 -15
403 404 205
404 405 798
405 406 344
406 407 -679
407 408 -95
408 409 724
409 410 -90
410 411 -739
411 412 564
412 413 961
413 414 -190
414 415 853
415 416 803
416 417 438
417 418 243
418 419 -541
419 420 266
420 421 116
421 422 -741
422 423 -800
423 424 -255
424 425 -664
425 426 -675
426 427 460
427 428 -491
428 429 -856
429 430 284
430 431 -41
431 432 176
432 433 -262
433 434 818
434 435 -35
435 436 -817
436 437 -207
437 438 260
438 439 -347
439 440 -952
440 441 -881
441 442 579
442 443 -234
443 444 380
444 445 857
445 446 950
446 447 -610
447 448 6
448 449 226
449 450 685
450 451 947
451 452 -598
452 453 -433
453 454 -247
454 455 -569
455 456 -963
456 457 -679
457 458 -169
458 459 500
459 460 197
460 461 727
461 462 -44
462 463 227
463 464 237
464 465 -179
465 466 509
466 467 701
467 468 -50
468 469 965
469 470 479
470 471 -863
471 472 -144
472 473 678
473 474 -587
474 475 -407
475 476 178
476 477 326
477 478 -438
478 479 787
479 480 -73
480 481 -554
481 482 82
482 483 897
483 484 29
484 485 -575
485 486 -583
486 487 437
487 488 -453
488 489 667
489 490 -420
490 491 2
491 492 -244
492 493 -264
493 494 -784
494 495 314
495 496 688
496 497 -350
497 498 70
498 499 614
499 500 -823
500 501 -363
501 502 576
502 503 90
503 504 -287
504 505 172
505 506 -246
506 507 -491
507 508 585
508 509 -613
509 510 -137
510 511 167
511 512 -697
512 513 -174
513 514 977
514 515 -566
515 516 -624
516 517 383
517 518 882
518 519 568
519 520 -239
520 521 243
521 522 -224
522 523 -159
523 524 166
524 525 497
525 526 638
526 527 -72
527 528 -775
528 529 623
529 530 541
530 531 -137
531 532 146
532 533 150
533 534 -703
534 535 -544
535 536 -323
536 537 210
537 538 -272
538 539 -205
539 540 -182
540 541 -694
541 542 378
542 543 232
543 544 982
544 545 -987
545 546 -549
546 547 767
547 548 776
548 549 443
549 550 -313
550 551 273
551 552 57
552 553 887
553 554 108
554 555 477
555 556 -901
556 557 -44
557 558 42
558 559 56
559 560 -907
560 561 -597
561 562 259
562 563 526
563 564 639
564 565 -720
565 566 321
566 567 390
567 568 716
568 569 -445
569 570 -935
570 571 563
571 572 171
572 573 -223
573 574 -861
574 575 738
575 576 202
576 577 -94
577 578 521
578 579 -99
579 580 -941
580 581 -689
581 582 -984
582 583 -458
583 584 616
584 585 -561
585 586 -778
586 587 545
587 588 992
588 589 615
589 590 1000
590 591 -481
591 592 74
592 593 771
593 594 927
594 595 -535
595 596 367
596 597 -588
597 598 -157
598 599 -364
599 600 -303
600 601 236
601 602 1000
602 603 -511
603 604 111
604 605 506
605 606 291
606 607 -153
607 608 888
608 609 -518
609 610 537
610 611 763
611 612 546
612 613 -414
613 614 -359
614 615 630
615 616 395
616 617 -62
617 618 -327
618 619 260
619 620 153
620 621 -712
621 622 376
622 623 -745
623 624 572
624 625 526
625 626 636
626 627 625
627 628 362
628 629 412
629 630 284
630 631 61
631 632 -980
632 633 -1
633 634 -609
634 635 -866
635 636 16
636 637 -720
637 638 875
638 639 -863
639 640 -794
640 641 464
641 642 740
642 643 743
643 644 699
644 645 -486
645 646 -564
646 647 478
647 648 177
648 649 484
649 650 533
650 651 375
651 652 448
652 653 901
653 654 -463
654 655 -524
655 656 -648
656 657 214
657 658 816
658 659 164
659 660 -40
660 661 799
661 662 -690
662 663 482
663 664 -360
664 665 631
665 666 606
666 667 601
667 668 -736
668 669 -216
669 670 -644
670 671 75
671 672 567
672 673 -227
673 674 -159
674 675 672
675 676 680
676 677 -164
677 678 -410
678 679 323
679 680 -299
680 681 -561
681 682 687
682 683 980
683 684 -618
684 685 53
685 686 384
686 687 72
687 688 942
688 689 695
689 690 364
690 691 -520
691 692 -646
692 693 924
693 694 498
694 695 328
695 696 94
696 697 26
697 698 -769
698 699 265
699 700 552
700 701 75
701 702 217
702 703 -197
703 704 -149
704 705 -487
705 706 767
706 707 -398
707 708 530
708 709 94
709 710 -324
710 711 949
711 712 -282
712 713 -347
713 714 -9
714 715 465
715 716 240
716 717 -687
717 718 -134
718 719 634
719 720 -541
720 721 672
721 722 571
722 723 790
723 724 -336
724 725 -465
725 726 683
726 727 37
727 728 52
728 729 -500
729 730 -816
730 731 -412
731 732 -623
732 733 -669
733 734 460
734 735 -357
735 736 -128
736 737 15
737 738 -189
738 739 229
739 740 429
740 741 369
741 742 266
742 743 388
743 744 -974
744 745 -48
745 746 426
746 747 -952
747 748 903
748 749 369
749 750 -584
750 751 -318
751 752 -226
752 753 -654
753 754 -360
754 755 800
755 756 -230
756 757 -754
757 758 763
758 759 165
759 760 -89
760 761 947
761 762 652
762 763 382
763 764 -365
764 765 307
765 766 -818
766 767 645
767 768 -719
768 769 717
769 770 -372
770 771 -471
771 772 -299
772 773 -893
773 774 125
774 775 -955
775 776 -389
776 777 682
777 778 437
778 779 -461
779 780 -120
780 781 -170
781 782 258
782 783 -281
783 784 -946
784 785 -90
785 786 -366
786 787 250
787 788 -409
788 789 548
789 790 -419
790 791 242
791 792 643
792 793 -335
793 794 931
794 795 913
795 796 -302
796 797 -408
797 798 -783
798 799 759
799 800 -156
800 801 -991
801 802 434
802 803 868
803 804 315
804 805 993
805 806 -783
806 807 -358
807 808 -202
808 809 244
809 810 920
810 811 -729
811 812 -892
812 813 -72
813 814 -298
814 815 -194
815 816 -757
816 817 247
817 818 468
818 819 -923
819 820 48
820 821 763
821 822 -647
822 823 313
823 824 -702
824 825 -860
825 826 373
826 827 -279
827 828 -933
828 829 113
829 830 -790
830 831 758
831 832 -104
832 833 -286
833 834 879
834 835 575
835 836 -369
836 837 -203
837 838 -963
838 839 -473
839 840 979
840 841 954
841 842 180
842 843 578
843 844 -721
844 845 -986
845 846 -277
846 847 199
847 848 -965
848 849 -802
849 850 -827
850 851 -791
851 852 471
852 853 -576
853 854 -905
854 855 256
855 856 -505
856 857 -160
857 858 -872
858 859 595
859 860 356
860 861 542
861 862 -903
862 863 712
863 864 767
864 865 -367
865 866 -62
866 867 -576
867 868 -360
868 869 2
869 870 645
870 871 654
855 133 326
357 80 -302
276 23 701
247 468 -853
362 859 -218
262 638 739
638 619 -56
760 41 -497
496 143 583
427 414 792
450 172 844
474 660 923
407 821 846
39 738 22
793 622 -156
719 540 465
762 707 678
215 657 58
104 123 720
262 313 -405
828 373 -908
434 570 -887
310 530 416
285 790 -839
274 392 -143
478 144 997
671 685 380
410 756 838
502 792 -21
38 62 801
717 441 793
555 200 -341
672 636 52
1 301 -871
134 316 711
707 322 258
518 707 772
727 534 -131
48 434 -893
219 268 585
547 774 706
707 596 571
795 291 -201
437 870 47
348 67 -542
745 608 -248
490 797 708
652 52 708
164 351 858
293 794 -253
637 736 817
420 73 854
95 681 789
801 295 732
259 52 -269
130 129 -784
635 191 -324
556 416 210
668 645 73
113 564 410
68 80 262
593 65 -803
735 67 642
237 353 695
622 749 -43
867 807 -337
466 566 561
617 611 245
208 311 200
55 280 344
278 710 77
440 497 -788
4 141 682
762 538 -99
395 853 968
224 208 475
705 858 -412
302 706 792
651 847 -399
430 359 838
239 443 -486
245 777 -464
862 395 489
847 526 -448
293 870 826
716 545 357
792 14 391
264 654 -932
3 76 -292
188 389 696
1 2 499
2 3 204
3 4 740
4 5 -309
5 6 614
6 7 -295
7 8 -919
8 9 387
9 10 498
10 11 -144
11 12 -299
12 13 -503
13 14 996
14 15 632
15 16 4
16 17 -978
17 18 740
18 19 -849
19 20 -189
20 21 -826
21 22 342
22 23 288
23 24 837
24 25 -684
25 26 18
26 27 920
27 28 273
28 29 867
29 30 -516
30 31 -255
31 32 -987
32 33 61
33 34 -774
34 35 -325
35 36 565
36 37 70
37 38 234
38 39 -47
39 40 321
40 41 -923
41 42 344
42 43 -437
43 44 620
44 45 536
45 46 516
46 47 48
47 48 768
48 49 -355
49 50 254
50 51 -265
51 52 251
52 53 425
53 54 173
54 55 -595
55 56 61
56 57 -861
57 58 455
58 59 -848
59 60 -474
60 61 -411
61 62 268
62 63 -830
63 64 84
64 65 -122
65 66 -880
66 67 -128
67 68 -728
68 69 632
69 70 -467
70 71 -924
71 72 -388
72 73 -425
73 74 -486
74 75 -318
75 76 -591
76 77 415
77 78 187
78 79 958
79 80 -574
80 81 662
81 82 338
82 83 151
83 84 707
84 85 731
85 86 -639
86 87 272
87 88 123
88 89 342
89 90 899
90 91 683
91 92 -966
92 93 616
93 94 -417
94 95 -175
95 96 786
96 97 60
97 98 228
98 99 957
99 100 501
100 101 803
101 102 446
102 103 -608
103 104 281
104 105 940
105 106 -416
106 107 -156
107 108 193
108 109 170
109 110 -620
110 111 -441
111 112 802
112 113 -842
113 114 11
114 115 -142
115 116 -898
116 117 24
117 118 -691
118 119 318
119 120 -295
120 121 963
121 122 283
122 123 -848
123 124 -191
124 125 -968
125 126 754
126 127 -322
127 128 -25
128 129 -361
129 130 182
130 131 236
131 132 90
132 133 -326
133 134 -326
134 135 542
135 136 -609
136 137 271
137 138 -109
138 139 -609
139 140 -175
140 141 -653
141 142 -92
142 143 -561
143 144 159
144 145 -438
145 146 -249
146 147 400
147 148 942
148 149 -737
149 150 -4
150 151 -977
151 152 526
152 153 832
153 154 -176
154 155 -119
155 156 -927
156 157 -17
157 158 329
158 159 865
159 160 -750
160 161 -854
161 162 -232
162 163 -210
163 164 -885
164 165 670
165 166 48
166 167 -814
167 168 -44
168 169 -134
169 170 -866
170 171 230
171 172 -597
172 173 -721
173 174 -14
174 175 -866
175 176 -150
176 177 136
177 178 -641
178 179 -76
179 180 768
180 181 730
181 182 -823
182 183 -758
183 184 -652
184 185 375
185 186 -553
186 187 -112
187 188 -204
149 142 -815
138 114 722
6 160 194
81 62 438
146 86 -713
129 19 -600
59 80 -687
81 6 -714
48 135 277
182 85 323
2 49 -651
185 182 675
102 64 897
182 188 70
20 74 -318
47 102 -455
40 32 -272
3 75 550
50 109 -670
154 44 -241
171 30 -112
37 168 -90
121 16 -962
40 49 -657
154 33 -2
178 87 -572
13 28 -593
21 29 601
126 5 -326
119 25 -77
183 161 1
144 132 996
181 32 47
125 56 576
72 18 64
44 125 732
3 123 182
105 30 -629
110 151 -206
132 11 -354
26 170 -678
45 118 182
20 80 878
87 129 654
43 129 921
8 64 -399
179 166 400
94 131 -607
88 14 792
169 13 228
25 141 -187
61 28 -557
173 3 207
53 77 896
165 49 -841
113 133 996
166 93 67
98 70 -801
142 42 209
36 107 162
79 122 708
52 70 811
98 134 707
42 73 -633
115 152 -347
67 78 -277
127 133 190
136 34 233
13 56 -921
162 19 -548
11 21 -406
6 104 179
156 128 273
32 90 888
46 121 -794
110 170 485
56 30 443
47 22 0
129 7 -199
5 92 -872
80 177 199
79 153 -882
158 25 -595
80 131 -638
130 25 -969
106 45 739
46 96 33
79 125 -791
96 107 -746
174 71 -455
150 137 -281
40 66 455
179 168 -932
46 14 935
168 73 -335
133 122 -579
166 30 -110
44 55 -494
110 59 495
57 185 -691
80 73 -838
85 58 297
117 179 772
159 175 324
117 185 -389
104 176 610
100 64 146
88 21 -400
2 112 990
100 187 -274
152 55 624
48 26 -827
71 50 -111
160 71 274
123 71 -534
168 61 187
96 172 -200
98 84 -203
99 15 -455
128 141 160
64 35 889
183 162 -389
32 69 298
180 128 -158
169 50 -259
42 162 362
146 94 -507
52 147 -58
153 144 56
174 116 -871
13 71 650
87 77 92
44 169 769
111 99 -489
102 97 820
68 36 -168
85 175 -61
139 180 649
8 52 167
152 108 743
65 166 868
54 23 893
166 144 38
72 129 644
26 131 939
113 122 552
126 164 883
6 120 215
167 42 -67
36 92 153
117 17 -49
135 47 603
153 150 -864
96 35 -152
90 78 -935
91 88 422
105 158 -926
29 126 -147
88 6 777
54 70 118
181 14 -21
87 39 163
90 77 -563
90 182 -213
125 106 111
119 137 -155
153 34 -559
155 59 505
95 163 -98
6 166 687
57 142 731
19 140 -653
142 167 259
53 135 -846
101 111 873
156 142 134
169 35 -336
117 76 256
106 137 833
98 57 -578
89 188 203
40 131 -472
28 106 297
62 76 286
164 2 -935
104 142 -731
122 33 548
179 150 489
142 147 761
84 138 -23
35 21 936
68 186 480
169 38 -650
156 99 -880
20 146 363
77 164 371
69 101 -447
89 121 -936
27 99 230
75 169 82
5 163 -299
5 4 73
753 981 234
1 2 -815
2 3 -99
3 4 -712
4 5 256
5 6 -580
6 7 -597
7 8 -393
8 9 -287
9 10 839
10 11 609
11 12 172
12 13 335
13 14 -627
14 15 -424
15 16 -373
16 17 158
17 18 571
18 19 -313
19 20 -880
20 21 324
21 22 343
22 23 -437
23 24 -105
24 25 976
25 26 341
26 27 135
27 28 -924
28 29 -76
29 30 188
30 31 22
31 32 -615
32 33 112
33 34 -906
34 35 -577
35 36 415
36 37 212
37 38 -7
38 39 -453
39 40 145
40 41 416
41 42 -785
42 43 705
43 44 -249
44 45 426
45 46 -954
46 47 266
47 48 584
48 49 -680
49 50 480
50 51 -352
51 52 -797
52 53 665
53 54 -639
54 55 -645
55 56 288
56 57 8
57 58 78
58 59 -813
59 60 256
60 61 -46
61 62 -467
62 63 -133
63 64 -628
64 65 -67
65 66 -863
66 67 875
67 68 864
68 69 -335
69 70 73
70 71 -139
71 72 869
72 73 29
73 74 562
74 75 376
75 76 159
76 77 402
77 78 -442
78 79 464
79 80 762
80 81 290
81 82 -300
82 83 -237
83 84 -345
84 85 865
85 86 -944
86 87 -44
87 88 740
88 89 -251
89 90 926
90 91 -427
91 92 -545
92 93 -287
93 94 -451
94 95 -151
95 96 -83
96 97 -364
97 98 375
98 99 989
99 100 -92
100 101 -238
101 102 497
102 103 73
103 104 -835
104 105 397
105 106 -759
106 107 362
107 108 -247
108 109 674
109 110 439
110 111 -609
111 112 437
112 113 -907
113 114 787
114 115 284
115 116 301
116 117 776
117 118 61
118 119 -358
119 120 -363
120 121 399
121 122 -411
122 123 -823
123 124 -212
124 125 -251
125 126 911
126 127 81
127 128 -458
128 129 86
129 130 51
130 131 132
131 132 -543
132 133 -787
133 134 505
134 135 537
135 136 410
136 137 685
137 138 589
138 139 540
139 140 -352
140 141 -412
141 142 -592
142 143 108
143 144 769
144 145 -129
145 146 -924
146 147 -539
147 148 547
148 149 -411
149 150 959
150 151 -414
151 152 -244
152 153 114
153 154 475
154 155 -282
155 156 755
156 157 175
157 158 897
158 159 399
159 160 -489
160 161 -447
161 162 -300
162 163 -703
163 164 -280
164 165 28
165 166 989
166 167 -603
167 168 617
168 169 -529
169 170 409
170 171 894
171 172 221
172 173 88
173 174 -592
174 175 854
175 176 -396
176 177 618
177 178 469
178 179 102
179 180 -962
180 181 180
181 182 931
182 183 -39
183 184 665
184 185 -56
185 186 226
186 187 -863
187 188 -212
188 189 -846
189 190 -511
190 191 852
191 192 490
192 193 -640
193 194 616
194 195 772
195 196 -673
196 197 112
197 198 950
198 199 839
199 200 805
200 201 -701
201 202 -619
202 203 -812
203 204 -100
204 205 -55
205 206 -34
206 207 -149
207 208 208
208 209 212
209 210 517
210 211 -440
211 212 211
212 213 572
213 214 -837
214 215 -591
215 216 576
216 217 144
217 218 -416
218 219 114
219 220 60
220 221 -799
221 222 -944
222 223 -143
223 224 -864
224 225 543
225 226 286
226 227 -519
227 228 -758
228 229 193
229 230 536
230 231 719
231 232 -787
232 233 -787
233 234 -763
234 235 58
235 236 -596
236 237 -20
237 238 889
238 239 360
239 240 889
240 241 729
241 242 -839
242 243 87
243 244 740
244 245 940
245 246 -433
246 247 992
247 248 -942
248 249 913
249 250 -313
250 251 461
251 252 -195
252 253 116
253 254 560
254 255 608
255 256 -487
256 257 878
257 258 -406
258 259 699
259 260 -327
260 261 834
261 262 443
262 263 -821
263 264 42
264 265 41
265 266 -456
266 267 -326
267 268 993
268 269 367
269 270 679
270 271 -367
271 272 -936
272 273 -902
273 274 840
274 275 140
275 276 -716
276 277 -186
277 278 657
278 279 491
279 280 67
280 281 -614
281 282 -250
282 283 -939
283 284 -867
284 285 874
285 286 255
286 287 -273
287 288 349
288 289 -681
289 290 -595
290 291 -195
291 292 -308
292 293 500
293 294 60
294 295 713
295 296 -491
296 297 589
297 298 -485
298 299 -130
299 300 -871
300 301 827
301 302 925
302 303 -204
303 304 -188
304 305 303
305 306 550
306 307 -834
307 308 -872
308 309 -74
309 310 231
310 311 -184
311 312 232
312 313 -626
313 314 313
314 315 589
315 316 -100
316 317 -791
317 318 446
318 319 757
319 320 -210
320 321 915
321 322 300
322 323 147
323 324 546
324 325 -844
325 326 -252
326 327 -567
327 328 769
328 329 614
329 330 429
330 331 -51
331 332 709
332 333 259
333 334 506
334 335 -870
335 336 140
336 337 941
337 338 -650
338 339 -848
339 340 -586
340 341 67
341 342 -520
342 343 -366
343 344 -628
344 345 -430
345 346 183
346 347 757
347 348 -474
348 349 148
349 350 453
350 351 83
351 352 853
352 353 -873
353 354 668
354 355 9
355 356 412
356 357 373
357 358 -541
358 359 10
359 360 400
360 361 451
361 362 152
362 363 424
363 364 -550
364 365 -532
365 366 -828
366 367 -300
367 368 436
368 369 -427
369 370 -537
370 371 -588
371 372 379
372 373 293
373 374 -223
374 375 719
375 376 -983
376 377 -304
377 378 -991
378 379 354
379 380 890
380 381 -681
381 382 455
382 383 -178
383 384 837
384 385 865
385 386 326
386 387 106
387 388 857
388 389 -99
389 390 -584
390 391 -653
391 392 -645
392 393 -617
393 394 665
394 395 718
395 396 -224
396 397 -894
397 398 798
398 399 -919
399 400 -767
400 401 -404
401 402 -155
402 403 -404
403 404 493
404 405 -616
405 406 839
406 407 -306
407 408 575
408 409 -600
409 410 -578
410 411 462
411 412 109
412 413 256
413 414 -554
414 415 -908
415 416 -73
416 417 910
417 418 -381
418 419 -909
419 420 884
420 421 -636
421 422 -941
422 423 41
423 424 45
424 425 -843
425 426 -450
426 427 839
427 428 716
428 429 -145
429 430 338
430 431 882
431 432 665
432 433 913
433 434 -195
434 435 932
435 436 167
436 437 -578
437 438 -811
438 439 -836
439 440 471
440 441 647
441 442 -774
442 443 550
443 444 216
444 445 680
445 446 539
446 447 308
447 448 961
448 449 430
449 450 127
450 451 249
451 452 527
452 453 184
453 454 -930
454 455 994
455 456 -733
456 457 -727
457 458 -273
458 459 -384
459 460 -612
460 461 170
461 462 -840
462 463 444
463 464 -877
464 465 -939
465 466 -20
466 467 -91
467 468 -813
468 469 458
469 470 526
470 471 982
471 472 805
472 473 -320
473 474 127
474 475 550
475 476 -316
476 477 -649
477 478 6
478 479 -297
479 480 771
480 481 868
481 482 502
482 483 284
483 484 -555
484 485 -846
485 486 -788
486 487 -908
487 488 4
488 489 558
489 490 118
490 491 689
491 492 -36
492 493 -427
493 494 428
494 495 -956
495 496 238
496 497 -991
497 498 325
498 499 682
499 500 764
500 501 734
501 502 -123
502 503 944
503 504 561
504 505 511
505 506 -159
506 507 -526
507 508 364
508 509 617
509 510 249
510 511 244
511 512 -587
512 513 -127
513 514 914
514 515 230
515 516 255
516 517 -885
517 518 -802
518 519 621
519 520 -99
520 521 720
521 522 -928
522 523 -153
523 524 982
524 525 995
525 526 61
526 527 -644
527 528 625
528 529 803
529 530 -789
530 531 -58
531 532 539
532 533 -611
533 534 625
534 535 228
535 536 492
536 537 785
537 538 -959
538 539 -658
539 540 -586
540 541 -784
541 542 -560
542 543 -573
543 544 -396
544 545 278
545 546 819
546 547 381
547 548 -378
548 549 -267
549 550 306
550 551 632
551 552 319
552 553 610
553 554 -262
554 555 490
555 556 404
556 557 905
557 558 507
558 559 617
559 560 317
560 561 171
561 562 280
562 563 -557
563 564 -91
564 565 498
565 566 194
566 567 -140
567 568 648
568 569 -968
569 570 -850
570 571 -916
571 572 -968
572 573 745
573 574 -950
574 575 772
575 576 -486
576 577 837
577 578 725
578 579 6
579 580 544
580 581 495
581 582 -955
582 583 498
583 584 926
584 585 328
585 586 880
586 587 934
587 588 485
588 589 -585
589 590 -525
590 591 716
591 592 244
592 593 66
593 594 888
594 595 671
595 596 -25
596 597 491
597 598 650
598 599 -718
599 600 -379
600 601 -722
601 602 922
602 603 913
603 604 -910
604 605 -575
605 606 -525
606 607 529
607 608 -451
608 609 52
609 610 -217
610 611 841
611 612 -960
612 613 831
613 614 -716
614 615 -56
615 616 -455
616 617 741
617 618 841
618 619 479
619 620 270
620 621 849
621 622 400
622 623 979
623 624 -696
624 625 903
625 626 28
626 627 267
627 628 425
628 629 -591
629 630 809
630 631 306
631 632 682
632 633 -161
633 634 -124
634 635 -709
635 636 124
636 637 703
637 638 212
638 639 -186
639 640 404
640 641 -387
641 642 -721
642 643 -683
643 644 443
644 645 -686
645 646 786
646 647 339
647 648 906
648 649 -826
649 650 -598
650 651 684
651 652 -52
652 653 326
653 654 -357
654 655 -377
655 656 -805
656 657 923
657 658 552
658 659 -782
659 660 881
660 661 -58
661 662 610
662 663 -925
663 664 -803
664 665 800
665 666 -790
666 667 593
667 668 -269
668 669 469
669 670 -165
670 671 847
671 672 990
672 673 -647
673 674 -745
674 675 519
675 676 188
676 677 17
677 678 451
678 679 -560
679 680 -964
680 681 225
681 682 -761
682 683 351
683 684 779
684 685 -555
685 686 -405
686 687 -674
687 688 -805
688 689 -364
689 690 19
690 691 -717
691 692 918
692 693 533
693 694 445
694 695 817
695 696 -283
696 697 -38
697 698 -88
698 699 -99
699 700 785
700 701 113
701 702 435
702 703 277
703 704 -576
704 705 749
705 706 -506
706 707 828
707 708 686
708 709 -353
709 710 -63
710 711 -497
711 712 -71
712 713 -191
713 714 -685
714 715 354
715 716 450
716 717 -813
717 718 -745
718 719 -536
719 720 745
720 721 467
721 722 999
722 723 -263
723 724 608
724 725 363
725 726 96
726 727 966
727 728 552
728 729 -620
729 730 436
730 731 -421
731 732 649
732 733 -612
733 734 -749
734 735 393
735 736 994
736 737 953
737 738 967
738 739 -241
739 740 -89
740 741 -292
741 742 539
742 743 -168
743 744 -959
744 745 -203
745 746 880
746 747 366
747 748 429
748 749 362
749 750 601
750 751 248
751 752 -975
752 753 -186
362 243 586
585 131 419
494 403 73
313 441 205
564 336 -868
29 112 171
316 324 92
269 551 273
551 578 -940
328 417 -424
737 151 180
426 645 -546
613 476 -890
351 269 -811
46 382 696
149 526 307
644 726 -545
437 627 -533
708 637 560
69 177 -928
200 297 -440
245 507 259
348 579 -142
103 640 -561
631 230 -826
102 516 -235
132 369 14
531 364 833
493 305 -601
216 18 460
527 148 601
97 204 -35
121 428 956
552 435 166
358 241 466
709 640 -147
399 232 -361
547 580 671
645 540 -544
20 15 -119
747 319 762
739 364 -906
546 474 -432
448 714 319
346 164 709
349 305 -941
458 81 935
245 182 109
164 705 -802
31 256 -832
191 141 -250
600 209 -389
32 119 580
568 270 -437
564 166 749
185 682 678
579 455 -177
536 635 942
243 307 84
311 210 92
752 362 -27
193 114 391
510 726 -894
229 208 -128
219 588 8
112 481 -472
102 373 -657
4 670 434
80 458 200
357 207 510
583 89 -176
423 122 -466
597 387 855
151 97 135
346 722 -89
550 667 316
696 99 795
115 76 91
402 124 -581
548 610 -101
239 588 -361
541 303 -441
370 242 6
375 637 945
364 333 -458
653 194 -423
422 677 912
661 552 -625
322 422 942
316 411 766
201 149 507
502 300 28
47 567 -809
111 417 -90
81 631 215
99 701 -865
562 693 882
363 628 -817
557 371 182
225 465 12
422 259 248
595 53 965
87 150 805
387 254 -744
180 265 -683
20 405 -643
472 252 -306
595 434 -97
15 551 -771
407 417 -569
360 591 757
732 697 205
555 677 772
522 561 188
39 98 860
435 375 -705
613 685 -982
2 63 -891
162 346 551
215 243 516
407 204 251
35 340 423
666 525 931
512 654 -424
747 635 294
675 82 -630
166 734 -537
677 196 -502
23 444 -452
367 342 374
635 493 297
560 19 898
745 144 -284
624 649 -920
342 473 34
479 465 917
374 690 898
599 548 187
751 749 -905
608 117 -666
588 674 453
396 668 -746
732 650 985
538 604 -793
300 344 -82
708 66 -494
628 220 -602
520 221 -520
711 391 752
285 517 486
76 541 -534
339 31 131
423 498 -409
475 222 918
429 334 646
749 496 406
628 691 -75
486 594 -884
587 731 331
682 406 5
684 291 -774
308 718 761
353 497 236
598 484 909
690 455 6
320 65 -315
580 138 705
507 547 -32
22 747 -941
364 685 80
231 378 -494
193 365 835
374 2 25
289 227 -273
694 28 -952
327 260 20
546 205 -523
78 543 37
737 394 961
419 201 -829
705 444 -703
208 512 -625
191 404 -880
413 141 645
420 111 198
285 258 540
305 473 629
209 142 667
516 451 321
572 557 -976
607 561 -325
53 51 -835
83 590 402
678 378 483
396 536 -888
31 734 -401
171 95 -952
236 247 -777
640 667 136
634 688 20
669 1 -204
25 404 -32
462 134 -514
178 278 821
392 399 -257
91 177 -377
27 8 -188
257 536 172
80 517 651
498 162 -708
407 185 181
430 33 -306
367 263 63
608 46 812
587 307 -600
437 553 992
505 149 -151
714 136 367
113 640 604
205 615 -207
604 2 266
260 622 744
260 726 -23
732 711 367
743 362 -415
654 653 -160
711 753 -454
394 388 890
103 326 232
766 890 591
1 128 895
128 747 -91
747 492 512
492 763 197
763 434 28
434 558 -261
558 449 -338
449 12 390
12 88 440
88 645 87
645 301 87
301 659 -853
659 436 -112
436 694 661
694 498 447
498 134 204
134 757 177
757 426 -964
426 440 477
440 158 268
158 289 643
289 255 395
255 733 787
733 557 -623
557 337 736
337 284 198
284 622 -758
622 159 -859
159 299 139
299 489 -388
489 494 537
494 152 -611
152 606 966
606 4 -449
4 460 -708
460 660 -429
660 335 318
335 497 -288
497 320 -279
320 544 -484
544 509 940
509 571 -556
571 523 726
523 122 604
122 385 -396
385 5 407
5 96 -858
96 169 -273
169 425 795
425 218 -2
218 729 631
729 225 693
225 621 -334
621 177 211
177 381 -690
381 179 -199
179 323 867
323 682 804
682 696 -471
696 137 575
137 249 498
249 368 -588
368 22 375
22 719 -939
719 407 294
407 428 740
428 334 -16
334 573 387
573 189 442
189 620 42
620 303 -777
303 80 972
80 328 -632
328 210 817
210 598 35
598 397 833
397 579 -271
579 282 447
282 576 9
576 236 -198
236 455 187
455 456 -584
456 344 36
344 201 645
201 514 891
514 310 -538
310 329 -709
329 322 -755
322 635 792
635 553 467
553 117 171
117 560 876
560 633 211
633 102 -666
102 228 542
228 459 544
459 142 -826
142 650 -869
650 188 -347
188 360 -504
360 555 -108
555 742 -299
742 745 -592
745 6 800
6 447 667
447 74 523
74 416 846
416 332 -466
332 521 781
521 81 657
81 409 -911
409 615 -1
615 724 784
724 470 434
470 728 -670
728 411 -256
411 417 -788
417 232 779
232 203 -210
203 699 -967
699 42 398
42 172 -916
172 16 352
16 444 -982
444 599 416
599 353 -526
353 196 -151
196 77 -28
77 736 997
736 231 965
231 467 332
467 501 -664
501 24 136
24 193 426
193 365 610
365 639 833
639 720 -284
720 600 -872
600 147 909
147 150 26
150 629 190
629 246 399
246 194 923
194 349 489
349 111 -691
111 508 -21
508 412 -785
412 511 29
511 118 586
118 664 905
664 287 -486
287 115 158
115 475 884
475 668 518
668 93 102
93 10 -394
10 119 -617
119 392 -56
392 670 -808
670 665 524
665 746 845
746 577 -370
577 305 -586
305 145 987
145 648 -75
648 564 -96
564 704 488
704 270 763
270 765 -709
765 60 540
60 346 411
346 44 236
44 582 -116
582 619 132
619 753 -909
753 592 -791
592 578 -968
578 54 493
54 529 -166
529 545 -800
545 226 -216
226 531 -25
531 602 -267
602 688 914
688 604 101
604 127 82
127 20 -891
20 572 615
572 482 440
482 315 -743
315 220 156
220 595 326
595 625 796
625 624 937
624 277 363
277 327 927
327 542 197
542 675 610
675 325 426
325 421 345
421 205 355
205 691 617
691 552 285
552 112 679
112 679 710
679 154 370
154 685 -151
685 752 85
752 594 273
594 380 -719
380 89 -400
89 424 365
424 613 323
613 297 -893
297 30 -493
30 473 176
473 478 -844
478 233 518
233 764 759
764 367 168
367 570 -284
570 476 904
476 170 867
170 530 978
530 57 -530
57 603 899
603 3 874
3 402 359
402 707 871
707 356 -975
356 156 -676
156 684 252
684 533 -615
533 506 -524
506 735 394
735 212 -907
212 161 682
161 165 73
165 274 740
274 387 278
387 58 -562
58 608 -630
608 590 -735
590 296 -51
296 107 26
107 471 -568
471 343 -559
343 268 -710
268 634 -962
634 153 -394
153 480 -702
480 401 -214
401 241 707
241 217 -472
217 709 -711
709 116 493
116 760 -803
760 357 -763
357 183 -935
183 271 264
271 395 -112
395 45 -166
45 377 -286
377 167 992
167 584 -706
584 342 831
342 21 869
21 737 -396
737 723 -71
723 469 218
469 355 462
355 99 -557
99 636 116
636 554 -382
554 734 -133
734 83 914
83 568 -225
568 227 77
227 298 204
298 518 -845
518 331 984
331 642 494
642 632 -147
632 697 -676
697 623 -317
623 586 -227
586 336 -49
336 110 466
110 472 -323
472 561 -869
561 588 -815
588 457 54
457 307 417
307 306 740
306 36 37
36 348 -297
348 269 96
269 27 -644
27 437 925
437 503 307
503 316 912
316 358 952
358 288 -91
288 549 933
549 378 346
378 468 494
468 171 485
171 466 420
466 350 520
350 243 273
243 364 -560
364 29 -979
29 756 739
756 286 -378
286 453 392
453 433 385
433 721 -317
721 258 128
258 13 351
13 352 117
352 711 577
711 264 147
264 398 -862
398 178 385
178 261 -140
261 340 -746
340 725 -909
725 2 126
2 491 -774
491 655 -222
655 125 673
125 253 394
253 373 835
373 667 942
667 244 -898
244 151 343
151 52 228
52 32 788
32 452 -263
452 710 942
710 610 148
610 216 -205
216 614 122
614 105 237
105 690 -741
690 686 -914
686 18 -721
18 702 994
702 646 896
646 223 435
223 410 435
410 656 -745
656 439 -697
439 499 -4
499 486 -765
486 743 210
743 114 -303
114 245 460
245 229 -779
229 39 898
39 512 -450
512 61 -948
61 446 249
446 302 -355
302 566 -79
566 429 -966
429 406 -317
406 285 919
285 643 -111
643 86 765
86 536 -243
536 526 381
526 94 -308
94 692 -774
692 191 -637
191 605 707
605 520 115
520 532 -150
532 354 320
354 155 -946
155 199 -548
199 73 -465
73 180 85
180 181 -806
181 671 764
671 657 -242
657 138 -529
138 242 989
242 248 582
248 654 -658
654 673 731
673 149 278
149 75 197
75 90 415
90 62 -512
62 363 -74
363 49 -174
49 612 -70
612 676 459
676 488 469
488 548 -18
548 698 777
698 123 793
123 718 370
718 267 498
267 618 703
618 280 785
280 493 -983
493 318 187
318 502 299
502 637 983
637 157 -910
157 575 -977
575 265 -690
265 121 650
121 427 659
427 292 40
292 239 -771
239 72 649
72 524 -245
524 361 -390
361 510 -669
510 630 807
630 40 484
40 701 -472
701 519 -574
519 462 37
462 263 -185
263 126 -117
126 666 968
666 740 -501
740 669 -143
669 230 -47
230 166 -190
166 714 554
714 224 -886
224 638 769
638 256 -619
256 640 436
640 689 -808
689 366 174
366 369 -201
369 103 477
103 186 -221
186 82 121
82 333 493
333 413 -726
413 68 -318
68 66 -495
66 583 738
583 275 -993
275 247 676
247 414 315
414 580 -797
580 652 -666
652 133 -345
133 140 940
140 383 -437
383 539 -177
539 219 -387
219 758 617
758 419 345
419 313 95
313 262 594
262 192 647
192 712 -90
712 79 -658
79 748 377
748 144 -95
144 681 -55
681 362 -669
362 391 -938
391 755 19
755 207 929
207 252 820
252 208 -614
208 726 639
726 442 -785
442 517 -99
517 37 -634
37 106 951
106 703 242
703 35 -11
35 48 -871
48 283 -995
283 321 459
321 204 828
204 221 82
221 543 -778
543 601 -30
601 339 533
339 405 290
405 749 103
749 370 251
370 132 168
132 484 999
484 705 -934
705 8 -297
8 751 -58
751 546 -392
546 451 -301
451 317 -715
317 483 -284
483 732 556
732 585 84
585 738 226
738 31 678
31 98 -380
98 139 555
139 463 -326
463 431 -861
431 278 207
278 647 -949
647 84 202
84 465 12
465 266 630
266 641 -874
641 198 716
198 386 -380
386 314 831
314 695 851
695 677 387
677 272 -908
272 23 996
23 319 329
319 135 -424
135 693 516
693 651 805
651 131 640
131 375 818
375 432 789
432 97 -728
97 25 -561
25 197 252
197 136 -696
136 185 -806
185 276 -141
276 100 62
100 382 -330
382 104 439
104 384 776
384 129 -211
129 168 921
168 534 101
534 722 -593
722 17 254
17 528 -10
528 435 -487
435 76 847
76 148 739
148 308 954
308 190 434
190 19 -245
19 324 -431
324 547 -847
547 240 444
240 64 863
64 708 -682
708 163 829
163 78 260
78 715 903
715 130 -926
130 59 999
59 71 -500
71 597 142
597 515 116
515 445 604
445 304 -834
304 430 -925
430 293 -372
293 438 -3
438 706 -935
706 617 -883
617 91 -968
91 404 850
404 7 -299
7 389 -995
389 56 -745
56 762 -87
762 259 -7
259 587 -784
587 487 -605
487 379 -696
379 477 -594
477 481 -160
481 408 -290
408 593 544
593 309 -835
309 108 -948
108 538 331
538 415 -591
415 187 962
187 458 458
458 326 -447
326 281 757
281 70 -728
70 120 -397
120 674 -881
674 182 -257
182 750 868
750 69 950
69 556 929
556 631 -194
631 559 -729
559 200 254
200 474 857
474 33 -817
33 581 -131
581 290 72
290 176 660
176 311 881
311 295 -156
295 47 492
47 589 -832
589 420 538
420 396 -480
396 461 -367
461 206 -134
206 678 -766
678 495 -984
495 574 -869
574 372 -252
372 174 166
174 700 -293
700 184 -416
184 680 433
680 672 593
672 330 10
330 257 972
257 717 543
717 525 388
525 124 412
124 663 -410
663 279 -981
279 744 -96
744 464 -623
464 14 -74
14 211 -461
211 11 -353
11 63 251
63 759 -489
759 260 762
260 371 -196
371 341 -688
341 541 -764
541 741 -374
741 504 295
504 351 77
351 516 -235
516 500 -401
500 611 949
611 87 147
87 448 246
448 213 897
213 215 740
215 273 598
273 254 -547
254 238 664
238 563 -581
563 550 -195
550 628 36
628 423 925
423 222 402
222 95 404
95 9 -915
9 649 -596
649 627 99
627 505 -496
505 164 204
164 143 551
143 567 -314
567 400 466
400 388 3
388 109 497
109 173 -272
173 251 -861
251 591 -252
591 195 788
195 214 766
214 551 643
551 454 -827
454 730 -519
730 403 233
403 754 596
754 653 457
653 141 898
141 347 560
347 687 -991
687 683 -538
683 713 -580
713 209 -483
209 727 647
727 485 -75
485 92 569
92 65 -153
65 496 683
496 291 335
291 55 -302
55 338 469
338 569 -879
569 51 -167
51 626 50
626 507 -518
507 662 -27
662 658 18
658 450 302
450 345 925
345 537 698
537 160 -872
160 237 574
237 146 19
146 522 253
522 34 776
34 540 -301
540 399 -808
399 15 -615
15 43 874
43 235 861
235 394 643
394 85 227
85 479 190
479 374 234
374 422 241
422 527 573
527 53 -76
53 162 -43
162 393 -943
393 300 533
300 644 -252
644 113 -939
113 234 -54
234 739 150
739 26 876
26 565 -890
565 761 -976
761 607 331
607 418 433
418 175 -288
175 716 -4
716 359 175
359 46 69
46 535 973
535 731 -550
731 596 -171
596 67 77
67 609 759
609 441 272
441 202 -950
202 661 674
661 390 -128
390 50 -384
50 490 -176
490 376 257
376 294 -108
294 41 -583
41 562 64
562 28 -348
28 443 415
443 101 770
101 616 366
616 513 587
513 312 -548
312 250 560
250 38 -2
38 766 -160
724 666 921
645 258 751
492 710 -505
63 41 -757
681 754 197
290 443 -115
174 141 26
113 250 445
227 363 521
189 144 -545
620 89 432
738 464 62
227 543 362
137 664 -832
249 485 -385
45 331 -579
348 321 -586
617 254 671
723 43 -420
467 676 829
244 304 55
103 262 -858
632 656 -217
636 404 140
639 432 -40
590 513 -417
349 86 -210
349 636 -293
144 741 -210
185 187 -315
539 430 -369
394 67 249
320 414 -294
727 507 -661
53 607 -629
234 28 512
355 166 -94
55 237 811
617 390 467
566 631 873
23 324 -604
352 121 871
117 764 -384
714 738 -842
616 312 -964
587 399 -728
497 702 900
726 379 644
58 734 927
494 160 899
696 529 -905
303 614 -767
76 547 -391
176 51 -857
627 359 -992
301 755 -952
280 160 193
461 43 863
356 655 -684
720 505 16
16 171 -26
318 510 603
506 61 -384
343 371 613
722 515 4
7 38 -952
557 584 883
157 293 -622
423 513 -216
180 121 -871
170 26 500
489 562 955
647 173 -864
481 309 -478
253 245 -843
443 513 -610
304 311 -353
444 427 -68
630 82 -996
22 110 64
179 421 287
479 609 279
374 393 958
723 105 -720
437 712 84
61 184 366
504 312 -757
624 614 -737
145 121 -595
91 251 -898
329 66 -701
340 237 -2
561 216 762
12 395 318
14 160 -298
374 46 -823
710 657 47
285 209 -122
295 215 -379
241 667 -996
532 465 -658
291 175 327
471 550 727
3 55 -217
481 461 17
523 46 -234
586 243 -783
661 28 455
200 525 704
74 605 -789
385 347 -51
212 273 412
709 98 91
368 281 -979
197 516 301
305 695 12
134 626 -912
524 314 66
3 388 -79
64 674 516
462 483 148
383 504 -665
58 634 -264
563 565 349
370 38 283
292 665 883
1 259 -289
259 270 -723
270 223 124
223 213 -771
213 159 164
159 80 492
80 107 247
107 70 -608
70 144 -991
144 53 567
53 36 -514
36 39 -617
39 27 737
27 21 -502
21 145 846
145 100 -147
100 234 148
234 129 194
129 111 201
111 76 515
76 113 358
113 60 -768
60 170 -18
170 272 -854
272 220 -432
220 209 998
209 262 840
262 127 964
127 214 355
214 192 601
192 118 70
118 265 374
265 196 -220
196 25 660
25 79 797
79 183 -822
183 251 494
251 147 349
147 104 767
104 43 -535
43 260 -310
260 278 513
278 249 -479
249 227 -9
227 29 858
29 30 235
30 268 89
268 288 -750
288 134 550
134 139 -653
139 58 712
58 83 -240
83 7 534
7 290 945
290 88 -188
88 34 249
34 112 398
112 96 686
96 280 -871
280 47 329
47 75 72
75 3 265
3 59 208
59 180 893
180 212 -687
212 94 -459
94 248 841
248 61 -778
61 271 -485
271 95 857
95 10 20
10 230 282
230 137 -213
137 101 -489
101 150 409
150 232 205
232 219 -258
219 18 607
18 66 572
66 246 287
246 81 524
81 177 -587
177 266 439
266 239 -859
239 254 -520
254 72 812
72 151 -645
151 207 -921
207 9 219
9 65 272
65 215 87
215 131 -200
131 69 480
69 142 523
142 237 968
237 22 842
22 195 -18
195 236 159
236 283 -555
283 182 657
182 208 -377
208 23 -308
23 242 563
242 35 668
35 224 777
224 136 -728
136 193 620
193 68 913
68 124 -526
124 133 -860
133 54 -96
54 84 175
84 143 769
143 206 602
206 98 464
98 11 -998
11 5 -245
5 277 -244
277 286 816
286 110 -281
110 225 -857
225 117 818
117 13 -563
13 2 127
2 32 -8
32 49 -777
49 46 734
46 24 587
24 250 -700
250 264 743
264 204 887
204 160 -931
160 222 100
222 279 599
279 12 96
12 244 818
244 189 322
189 77 -777
77 163 185
163 78 343
78 257 528
257 97 -210
97 194 695
194 16 153
16 253 -56
253 149 -53
149 267 -329
267 57 -867
57 73 470
73 199 193
199 91 -467
91 228 -74
228 102 609
102 56 -654
56 26 120
26 44 -441
44 274 -809
274 241 -486
241 203 -881
203 87 -676
87 99 396
99 198 -10
198 211 747
211 17 -914
17 186 835
186 255 82
255 287 793
287 276 94
276 205 942
205 275 121
275 132 -829
132 62 155
62 52 39
52 245 -165
245 176 -408
176 154 915
154 273 -383
273 171 -650
171 15 -169
15 175 342
175 200 -654
200 103 -319
103 173 -476
173 156 -961
156 86 735
86 221 803
221 122 784
122 90 725
90 42 -47
42 168 266
168 6 -499
6 238 -564
238 153 214
153 179 -590
179 190 613
190 178 -881
178 48 779
48 125 810
125 130 463
130 38 317
38 93 260
93 218 737
218 202 335
202 37 -354
37 20 -898
20 140 720
140 243 -851
243 152 -685
152 64 -117
64 210 488
210 166 -420
166 109 546
109 126 385
126 135 978
135 45 148
45 284 -686
284 67 226
67 165 -399
165 174 -45
174 119 -227
119 8 -381
8 55 518
55 164 73
164 258 -56
258 138 566
138 105 152
105 216 369
216 89 -943
89 115 606
115 261 -609
261 157 684
157 128 935
128 169 -257
169 41 357
41 114 749
114 285 -139
285 116 180
116 167 -60
167 106 -614
106 185 573
185 217 364
217 231 658
231 28 175
28 229 999
229 269 -907
269 19 -976
19 233 -434
233 235 188
235 201 -878
201 181 318
181 14 -917
14 51 718
51 263 -860
263 40 798
40 108 -424
108 197 -216
197 85 -338
85 31 -829
31 148 -811
148 63 -60
63 82 -532
82 291 -624
291 252 -416
252 155 364
155 123 325
123 158 881
158 240 -581
240 191 -368
191 120 -467
120 184 927
184 92 214
92 247 -445
247 141 919
141 282 322
282 226 -269
226 4 -206
4 161 -847
161 289 406
289 33 290
33 71 -262
71 172 -374
172 121 -103
121 281 -281
281 162 655
162 187 914
187 74 454
74 146 319
146 50 -269
50 256 -675
256 188 -382
188 292 76
97 281 -745
142 187 -464
28 19 -368
167 28 472
275 38 87
184 281 931
265 34 71
121 146 -546
226 146 764
148 240 490
201 51 -950
35 15 836
233 256 107
6 120 -954
45 155 504
185 141 946
128 233 -153
78 92 857
209 157 -480
34 75 534
144 24 917
106 292 766
26 62 -365
67 106 427
142 240 178
261 51 -158
185 14 -536
192 64 -270
90 155 550
89 92 411
225 221 370
237 258 -540
291 289 -529
52 233 -660
42 45 932
48 166 -794
93 4 -330
245 48 574
77 62 -582
109 201 -493
276 103 56
205 141 -353
166 116 -841
63 121 879
165 285 295
105 51 165
182 292 -378
266 68 934
107 32 -870
262 240 969
136 263 -239
130 119 603
111 84 -549
69 148 -212
286 15 495
157 50 943
104 191 -299
257 168 628
78 287 533
15 106 252
21 81 527
12 172 -669
229 187 -889
207 125 856
59 42 -9
192 28 497
179 252 223
147 115 620
17 165 18
51 71 750
163 172 80
284 106 -802
19 141 33
121 256 -797
227 204 -247
166 263 -111
60 50 -97
171 252 573
204 87 -661
162 256 209
179 247 -515
218 185 575
223 284 -508
94 102 889
105 82 -944
115 92 -337
21 79 -649
291 256 641
264 140 648
109 71 -804
33 281 -425
257 89 -122
133 115 790
266 22 -204
265 130 -931
246 11 -770
77 176 598
246 206 666
12 114 -33
161 188 -53
280 217 -319
220 61 285
282 146 344
143 141 157
264 153 -395
46 221 803
247 146 497
207 126 -947
176 269 -806
196 44 305
107 26 -339
180 242 146
113 14 70
22 74 633
192 261 -801
26 200 -977
146 292 -125
141 33 533
234 153 997
244 181 937
136 5 257
52 126 -753
225 172 73
176 86 87
63 120 -965
10 279 -850
197 162 151
112 103 19
97 126 822
129 52 -485
92 50 418
93 120 312
15 190 -61
145 108 216
82 120 402
49 128 689
245 256 -642
258 263 -306
62 37 -764
241 197 799
162 50 -915
155 162 -223
183 33 -317
239 141 416
203 50 -29
70 251 367
103 164 -607
286 279 -262
130 92 -258
99 205 605
37 51 -313
287 172 -371
156 166 -491
171 82 -553
268 219 -812
235 197 -944
166 292 -879
123 240 -137
204 141 301
259 208 58
92 256 -351
260 130 25
242 2 -234
210 148 -127
5 176 -712
250 41 -176
52 273 14
100 47 216
142 48 -376
277 109 446
231 252 888
267 168 -767
134 54 185
280 32 478
108 31 330
88 181 580
119 19 -179
92 226 -722
4 71 764
178 146 964
154 158 -490
33 187 864
150 66 879
73 173 97
35 210 -540
83 151 603
115 63 95
203 273 33
175 74 -392
210 235 402
198 167 -190
32 48 -20
177 91 -780
251 171 -654
31 291 -879
263 289 -527
53 279 -912
40 141 78
75 149 137
23 188 -176
131 267 184
130 63 -286
135 146 630
75 5 202
274 119 -409
31 282 664
251 191 -313
234 42 -110
28 291 -29
83 188 118
144 39 892
193 32 -673
256 292 960
108 252 672
216 41 -714
284 8 102
280 126 -301
129 24 76
124 103 332
154 51 853
252 188 -473
202 161 -511
266 247 -924
247 187 -831
32 279 -788
137 237 -88
239 179 52
89 229 -419
196 171 -179
124 108 347
197 123 314
50 188 -332
253 157 -720
39 45 -774
284 185 633
104 264 -625
114 235 389
260 58 -45
14 226 -966
119 292 977
45 128 -585
91 167 -239
123 188 -86
215 216 -131
33 146 235
9 103 -232
253 37 571
116 92 -853
266 69 -188
127 291 -707
36 210 -659
76 166 -18
146 188 189
116 233 783
120 33 389
66 185 240
97 52 -540
213 261 -909
91 240 -147
258 71 891
52 164 -427
250 85 -762
78 194 689
1 133 -591
24 285 -292
76 272 274
224 201 298
195 241 396
194 109 185
258 120 726
247 282 -755
34 149 472
36 179 -548
16 245 159
29 141 381
210 269 566
207 120 -494
82 281 685
208 106 -642
10 148 -904
193 256 -389
208 165 -78
58 163 156
118 211 -717
28 235 -64
6 158 -165
162 292 201
105 4 -52
262 226 -271
34 163 -394
240 71 -508
134 181 -50
223 285 874
254 86 -117
136 122 -84
90 263 -100
140 187 -589
253 187 804
210 284 674
246 133 301
166 126 -397
230 232 887
80 60 723
11 281 -994
265 239 1000
278 216 641
181 158 -194
193 165 237
252 158 128
18 115 518
131 264 -525
126 165 -294
212 164 820
101 38 243
106 252 612
221 178 -143
14 292 -41
82 282 -336
41 162 -675
172 188 -633
199 114 -128
244 247 -363
178 240 795
204 48 -420
79 22 931
89 291 856
285 19 565
165 187 84
149 56 345
68 149 -917
32 244 -469
179 67 -270
148 71 711
24 122 983
10 33 -477
66 57 -66
112 124 -446
252 191 -806
13 78 -483
163 291 962
67 146 -901
159 121 -648
29 222 659
53 209 -738
11 165 356
277 26 978
258 105 965
56 108 741
177 40 -675
197 256 -691
51 197 208
80 102 901
285 184 703
231 14 -896
31 281 -34
160 190 -799
265 248 -723
210 105 -938
253 243 401
130 229 542
175 51 811
235 31 471
125 74 -163
262 147 421
191 121 663
41 28 -137
250 121 998
145 116 -396
148 33 583
181 191 549
16 255 -728
254 187 -112
205 71 -883
242 41 -324
425 909 48
1 40 -497
40 188 -904
188 99 -754
99 77 -252
77 410 -886
410 195 -888
195 294 235
294 250 -861
250 282 -658
282 138 154
138 82 135
82 418 -312
418 326 419
326 71 -89
71 75 404
75 227 671
227 231 -652
231 225 -721
225 233 212
233 239 -148
239 202 -563
202 126 -953
126 354 -472
354 80 982
80 219 -139
219 344 460
344 85 -484
85 3 661
3 132 461
132 161 -934
161 274 -787
274 23 270
23 136 -346
136 45 363
45 192 771
192 349 134
349 226 480
226 52 485
52 395 879
395 197 -296
197 407 673
407 68 -928
68 367 -524
367 289 -385
289 332 -339
332 362 -64
362 370 28
370 185 575
185 67 790
67 300 -953
300 381 933
381 206 650
206 369 -972
369 204 749
204 419 367
419 153 -446
153 272 632
272 212 -145
212 379 135
379 400 892
400 343 -468
343 160 -986
160 27 271
27 405 -725
405 408 -979
408 35 -411
35 245 430
245 182 926
182 184 -278
184 398 641
398 256 -466
256 28 724
28 269 -903
269 361 -106
361 224 800
224 258 -332
258 209 746
209 301 -877
301 76 609
76 266 -480
266 242 -954
242 241 981
241 113 659
113 57 692
57 248 -76
248 34 -988
34 329 -204
329 55 248
55 31 382
31 83 -195
83 336 -739
336 221 -629
221 327 348
327 9 466
9 41 288
41 104 -661
104 323 383
323 88 24
88 357 -431
357 392 988
392 17 777
17 342 460
342 293 850
293 109 -591
109 103 -138
103 346 -641
346 280 416
280 331 -98
331 130 954
130 100 49
100 181 -800
181 53 883
53 364 983
364 264 163
264 386 729
386 49 179
49 368 291
368 417 -283
417 120 797
120 351 437
351 373 895
373 324 449
324 137 614
137 51 -388
51 193 247
193 265 -334
265 127 -514
127 102 89
102 78 -865
78 312 693
312 305 -113
305 54 -841
54 262 898
262 276 249
276 390 461
390 115 -614
115 178 -50
178 341 47
341 91 -34
91 198 154
198 154 -593
154 96 -895
96 271 920
271 172 363
172 286 -566
286 81 651
81 310 -528
310 244 -490
244 257 237
257 157 570
157 79 -265
79 232 239
232 117 736
117 156 -63
156 183 -233
183 124 133
124 7 -387
7 378 -374
378 141 690
141 404 -233
404 296 838
296 388 364
388 8 96
8 291 166
291 144 501
144 171 81
171 159 -730
159 288 -389
288 360 160
360 411 -297
411 249 747
249 380 827
380 330 483
330 338 -520
338 62 368
62 191 -377
191 217 989
217 298 145
298 150 207
150 189 -908
189 128 942
128 147 930
147 60 682
60 402 -774
402 317 -394
317 394 -828
394 314 241
314 214 -292
214 10 -985
10 313 781
313 406 782
406 143 -684
143 152 970
152 112 408
112 186 -676
186 163 263
163 19 -194
19 268 648
268 164 -786
164 401 381
401 396 -912
396 352 -773
352 199 -278
199 56 37
56 173 388
173 111 927
111 200 938
200 318 202
318 108 -377
108 420 771
420 24 -647
24 18 672
18 229 -706
229 213 -242
213 98 339
98 74 851
74 84 -190
84 140 -547
140 38 883
38 107 651
107 383 518
383 335 926
335 176 456
176 238 842
238 121 734
121 353 -888
353 196 232
196 167 205
167 13 428
13 270 -81
270 122 182
122 273 326
273 307 -130
307 230 -391
230 201 -808
201 66 165
66 365 -910
365 36 512
36 309 881
309 73 -226
73 255 -59
255 21 325
21 228 913
228 47 863
47 278 764
278 261 -707
261 59 -625
59 366 -397
366 415 417
415 334 563
334 142 740
142 377 -862
377 263 -69
263 372 118
372 26 795
26 376 94
376 2 -211
2 416 -869
416 254 328
254 393 511
393 20 -583
20 259 473
259 216 925
216 129 486
129 148 917
148 125 -572
125 89 518
89 93 621
93 106 252
106 299 -4
299 287 784
287 14 -540
14 218 -267
218 297 -144
297 223 416
223 94 -370
94 303 -468
303 72 -75
72 247 -888
247 284 -187
284 11 -470
11 421 516
421 290 -71
290 311 -432
311 179 -223
179 139 -852
139 281 -153
281 210 -732
210 285 -883
285 174 -820
174 169 -27
169 131 137
131 243 -813
243 63 -922
63 424 -228
424 339 -61
339 32 457
32 30 -924
30 359 -565
359 409 -684
409 155 -13
155 25 170
25 177 -95
177 321 -266
321 325 -581
325 382 85
382 385 319
385 277 694
277 387 -604
387 348 870
348 70 656
70 316 -557
316 118 -611
118 190 -138
190 58 -569
58 397 119
397 29 -913
29 347 -510
347 306 -389
306 50 -823
50 253 -676
253 61 140
61 95 -199
95 33 -625
33 320 -41
320 374 -792
374 149 -248
149 114 -972
114 46 489
46 355 -708
355 105 -99
105 15 164
15 412 -86
412 413 -383
413 345 -194
345 220 268
220 69 -934
69 187 298
187 267 685
267 101 487
101 43 483
43 234 -367
234 375 -643
375 246 371
246 135 -2
135 22 -511
22 175 -749
175 16 -291
16 350 -499
350 64 906
64 389 769
389 237 -92
237 119 -278
119 371 238
371 252 -627
252 166 755
166 236 890
236 215 -234
215 65 -776
65 205 339
205 6 -611
6 358 483
358 5 -688
5 279 860
279 145 -763
145 208 -563
208 194 999
194 222 -160
222 203 -855
203 308 444
308 133 288
133 116 719
116 165 188
165 235 158
235 333 36
333 423 -566
423 146 377
146 37 -658
37 162 145
162 168 -723
168 414 -361
414 207 -469
207 384 89
384 363 639
363 340 -180
340 251 483
251 4 295
4 275 71
275 90 519
90 328 -245
328 403 -449
403 292 -723
292 337 -920
337 151 24
151 315 -535
315 123 351
123 92 880
92 302 457
302 260 71
260 110 -257
110 86 720
86 12 77
12 44 206
44 48 989
48 322 48
322 170 45
170 295 -114
295 399 593
399 319 -433
319 240 244
240 87 -680
87 283 -675
283 304 -574
304 97 -152
97 391 668
391 211 469
211 39 -632
39 42 -960
42 158 -139
158 356 -139
356 180 378
180 134 302
134 422 906
422 425 720
267 22 -89
382 92 277
125 139 -862
185 61 652
400 15 373
62 2 -694
336 420 196
256 266 -486
29 110 -958
187 119 675
153 162 333
78 174 -954
125 119 -593
340 48 171
200 179 46
334 65 -125
3 308 97
423 90 117
7 63 616
394 135 583
157 376 187
158 425 239
304 42 -743
16 399 979
381 207 -102
130 307 33
387 165 152
200 376 967
306 16 -766
24 321 -798
215 328 -293
287 399 526
23 295 815
8 131 343
142 63 -420
177 37 546
50 358 618
34 164 -675
240 39 -424
240 283 -629
377 48 568
329 180 797
322 240 -747
341 154 -633
413 275 -411
55 141 -800
214 165 787
89 423 486
75 256 471
420 254 -123
274 306 465
53 144 -262
294 134 -579
202 382 -221
256 232 137
331 402 124
96 310 -810
391 39 -661
135 116 825
141 30 689
118 149 -627
298 22 418
195 413 -882
177 308 253
121 230 855
205 44 -554
424 92 -359
239 142 -128
51 423 849
294 114 -250
406 121 985
305 415 466
274 179 214
264 169 -735
248 143 -528
410 207 -624
128 297 605
249 240 306
409 194 229
357 365 498
146 12 703
51 140 306
129 425 -217
201 363 113
71 290 227
1 268 -351
150 396 -902
155 37 -408
266 158 877
102 129 -854
93 391 -785
340 92 -1
359 246 -843
404 129 614
303 61 275
3 178 -566
117 15 -564
208 423 -143
148 207 455
93 260 -488
153 408 32
145 90 -113
289 164 -593
21 20 793
266 50 1
202 116 368
392 273 -368
270 142 -950
229 393 -468
69 168 -521
138 145 -284
145 86 -383
130 133 -379
347 149 -970
270 412 -988
357 216 -237
349 320 -63
289 62 -758
252 215 -390
392 346 -149
279 44 821
55 363 23
300 267 987
395 402 -311
247 422 -573
314 13 865
107 33 954
172 229 -63
417 61 413
16 5 -369
316 208 561
111 283 -632
384 151 -609
127 50 -258
230 334 -76
153 242 -111
237 222 261
116 37 694
375 391 210
30 403 28
148 414 205
247 222 -196
184 268 -793
97 180 -183
193 176 -616
244 309 -167
271 60 717
232 150 216
351 271 -225
92 44 -824
22 203 -644
424 237 815
222 90 -249
124 365 -778
312 135 -975
420 149 958
52 293 196
204 334 815
92 97 969
66 95 -709
323 90 -170
236 86 -848
321 237 -726
119 322 -807
20 425 553
322 422 128
9 29 174
60 275 287
324 384 273
284 39 404
295 87 -676
138 423 -281
89 220 -835
37 123 396
350 92 -274
367 288 -271
216 220 -887
421 253 894
210 133 813
279 170 252
8 140 738
170 319 10
320 260 483
276 251 792
173 412 -233
28 98 654
302 97 -453
313 215 -296
379 353 -694
258 296 617
313 174 -674
232 110 -278
140 196 -437
342 72 -586
226 262 -857
316 116 -459
15 208 -139
73 320 281
319 283 258
74 170 34
145 123 582
414 97 341
27 49 -474
254 106 877
88 118 -980
241 360 231
165 333 -193
103 37 160
144 375 -464
342 271 -286
289 118 435
21 129 10
249 12 892
402 420 896
285 320 743
66 303 675
1 414 882
165 414 -960
108 377 668
82 343 -457
368 25 618
109 60 -501
94 133 138
390 355 666
261 116 -844
397 110 -819
249 382 -492
157 87 857
291 363 591
57 217 931
37 304 -768
55 414 590
35 346 887
127 112 -304
121 215 213
331 307 -100
297 391 -540
28 224 917
358 308 457
181 42 820
314 385 679
150 325 626
226 102 681
270 203 770
270 2 744
195 402 -84
259 129 -265
253 328 -122
254 356 -419
345 356 623
332 117 -578
110 283 -815
373 95 -208
20 166 246
374 180 506
101 162 746
153 305 -383
2 131 218
392 129 -632
391 180 553
256 74 -692
102 347 -978
261 387 738
171 421 286
318 423 -349
312 275 -767
214 90 -493
386 63 750
367 338 -224
328 97 -746
232 170 729
399 39 -479
405 79 -546
213 59 -393
144 186 255
385 347 461
152 87 329
287 114 101
382 302 -180
211 422 962
46 162 -852
97 211 -744
219 211 -516
283 391 458
191 208 -598
414 39 -8
396 56 -445
366 220 -400
190 389 -439
347 135 45
328 240 -196
248 134 567
295 211 -650
230 70 -948
194 384 -296
70 275 -248
5 87 -177
369 408 106
320 345 991
402 321 -886
234 180 465
239 335 -405
245 65 -849
72 101 -134
366 43 466
223 275 815
384 304 -462
27 90 -54
9 382 -759
213 2 -480
302 322 698
399 158 575
211 134 163
74 347 -983
211 356 336
107 415 107
191 313 992
280 152 520
248 26 403
328 87 24
416 399 -809
129 46 -101
230 319 -828
257 402 17
151 48 413
347 423 -290
419 380 -286
182 84 -48
216 58 64
372 389 37
156 249 -74
41 322 -915
345 403 733
384 260 633
44 39 241
12 283 276
235 207 -466
399 240 -555
364 247 333
45 152 -581
126 48 -753
266 165 -846
323 255 -351
280 19 382
330 218 166
5 37 709
82 202 355
176 59 722
30 283 788
81 37 779
244 135 195
283 211 761
35 305 -937
360 396 466
215 180 89
152 64 -369
275 425 552
144 208 -36
69 205 214
269 128 805
275 295 -278
339 58 921
120 376 -494
388 402 -126
381 406 -310
10 415 -798
161 128 880
369 336 -673
132 336 7
255 119 -168
181 337 -38
311 325 -399
423 87 -222
400 54 -581
133 4 -294
119 295 -449
126 139 55
293 207 -66
352 251 -386
233 11 -649
213 97 -6
404 186 -399
294 382 -479
99 201 956
175 350 -402
177 116 342
314 145 393
73 234 -128
191 92 182
418 65 -257
413 123 372
3 366 839
415 267 -1
98 125 384
38 372 765
170 283 -458
329 334 -30
143 376 -792
68 10 237
342 63 246
423 260 108
4 337 655
415 263 357
190 123 -473
144 203 190
331 22 345
29 302 962
8 24 -182
144 319 -178
145 356 -70
346 254 273
65 44 -439
3 119 744
128 309 -669
22 119 194
19 105 742
213 32 491
121 135 515
55 166 966
378 94 803
342 424 178
47 105 -776
261 253 6
340 39 -346
69 302 672
315 170 430
79 37 -657
231 67 301
67 351 -318
187 97 -471
331 98 669
103 295 390
372 308 -907
181 65 -984
384 87 -486
7 313 -815
49 423 -889
419 259 686
232 402 996
321 149 608
255 22 723
250 345 764
117 199 988
205 165 763
188 100 730
309 175 -979
336 169 -218
293 18 615
255 246 42
170 211 -785
320 69 987
130 165 -988
23 230 92
112 151 45
398 420 13
197 370 -794
259 174 544
202 424 321
126 199 70
21 260 135
51 2 -946
64 12 -8
238 281 329
311 339 190
355 236 40
202 395 106
134 425 -707
406 213 -5
285 237 648
286 131 -228
102 311 275
287 92 -39
238 16 -410
213 119 -253
186 101 -483
25 348 -805
313 61 -74
386 409 316
185 283 -161
331 423 161
6 283 159
325 116 -518
381 134 -450
418 13 -52
352 175 353
618 979 512
1 222 153
222 282 -98
282 66 363
66 108 -529
108 494 -474
494 29 816
29 344 712
344 69 389
69 329 -272
329 301 -818
301 613 492
613 289 387
289 185 -306
185 380 0
380 57 991
57 489 357
489 237 -271
237 172 -49
172 114 131
114 473 454
473 547 -487
547 231 657
231 209 903
209 437 -404
437 81 323
81 432 -507
432 498 -128
498 401 998
401 349 -304
349 345 -542
345 5 -783
5 406 924
406 559 300
559 118 665
118 182 188
182 520 -474
520 576 -500
576 335 285
335 428 881
428 32 -753
32 381 808
381 113 -672
113 442 -365
442 296 894
296 542 -461
542 144 -769
144 256 -298
256 572 198
572 28 -555
28 138 -967
138 228 -524
228 244 768
244 358 372
358 264 -451
264 382 -791
382 281 219
281 598 -286
598 611 728
611 355 -344
355 350 963
350 191 284
191 340 -356
340 461 -25
461 584 -698
584 285 885
285 56 267
56 82 894
82 454 115
454 205 918
205 159 879
159 352 779
352 202 900
202 280 643
280 104 -709
104 156 -626
156 403 -158
403 553 -165
553 2 -407
2 501 331
501 236 896
236 343 237
343 34 40
34 199 558
199 161 -503
161 522 693
522 200 -99
200 490 71
490 337 -990
337 372 557
372 52 116
52 325 -988
325 605 -797
605 131 -969
131 110 944
110 586 976
586 383 -196
383 19 813
19 518 -105
518 566 -25
566 212 885
212 157 -68
157 197 125
197 427 -762
427 227 53
227 206 252
206 455 735
455 262 -674
262 540 -557
540 238 533
238 122 -769
122 418 -379
418 530 -406
530 508 687
508 298 706
298 203 -476
203 617 -154
617 497 176
497 585 908
585 361 845
361 541 -215
541 526 184
526 295 785
295 306 -684
306 152 230
152 38 64
38 263 -143
263 204 -115
204 184 37
184 84 -772
84 369 -597
369 413 28
413 226 483
226 390 759
390 72 -931
72 448 999
448 59 937
59 385 441
385 67 112
67 242 -888
242 480 -159
480 48 168
48 309 778
309 235 775
235 98 -443
98 229 -301
229 495 729
495 409 61
409 133 -328
133 394 -604
394 91 286
91 111 982
111 121 -325
121 12 11
12 247 -959
247 207 -381
207 387 941
387 610 872
610 569 -670
569 103 407
103 588 -36
588 178 559
178 466 -653
466 132 94
132 393 732
393 76 -72
76 145 -705
145 208 348
208 608 370
608 379 93
379 581 -546
581 475 406
475 334 -995
334 177 403
177 458 -874
458 88 169
88 512 -871
512 441 -662
441 288 407
288 456 -292
456 317 479
317 272 73
272 436 311
436 234 418
234 399 -175
399 217 -6
217 41 -546
41 612 921
612 192 276
192 97 27
97 115 -261
115 323 269
323 135 207
135 273 -631
273 117 -913
117 536 655
536 545 707
545 603 -937
603 260 -344
260 40 -995
40 190 -33
190 283 -466
283 607 -80
607 561 463
561 395 529
395 230 -3
230 42 -994
42 510 -223
510 384 -715
384 71 -60
71 259 -324
259 479 -176
479 333 80
333 220 362
220 73 342
73 525 -860
525 366 -93
366 564 818
564 154 501
154 179 666
179 492 -211
492 457 475
457 407 -354
407 265 -205
265 51 250
51 412 171
412 195 414
195 319 -82
319 341 864
341 160 72
160 328 -312
328 592 -770
592 360 -7
360 575 -839
575 46 22
46 431 -255
431 305 -682
305 573 721
573 477 126
477 86 -187
86 125 -798
125 404 83
404 370 857
370 105 -934
105 543 -626
543 33 -335
33 373 -256
373 604 684
604 400 528
400 37 39
37 90 -448
90 507 -435
507 342 -724
342 10 -997
10 535 -771
535 378 -759
378 439 -614
439 267 -846
267 377 -779
377 75 -152
75 187 -514
187 77 93
77 224 -72
224 517 451
517 368 -348
368 609 688
609 246 -7
246 529 -508
529 245 921
245 20 -457
20 130 -676
130 291 -457
291 89 -718
89 307 -780
307 539 -418
539 124 134
124 502 -740
502 327 -480
327 165 -603
165 485 -107
485 183 -833
183 304 368
304 123 -73
123 415 421
415 85 -987
85 396 -241
396 94 506
94 616 -11
616 45 174
45 532 355
532 567 -261
567 356 -746
356 174 152
174 499 -609
499 364 -935
364 471 803
471 424 -843
424 315 -718
315 434 -194
434 31 -976
31 313 461
313 551 166
551 251 550
251 445 649
445 119 854
119 60 -793
60 151 -453
151 472 -131
472 78 -154
78 339 429
339 286 200
286 570 -335
570 509 201
509 544 562
544 534 620
534 134 14
134 216 -109
216 271 -62
271 452 209
452 487 219
487 595 86
595 171 -499
171 210 -3
210 120 38
120 176 961
176 326 -303
326 591 -859
591 139 191
139 143 -883
143 483 535
483 141 -43
141 554 -97
554 308 -296
308 65 -694
65 474 678
474 521 -946
521 15 -241
15 375 816
375 232 519
232 107 -449
107 414 385
414 513 -806
513 450 567
450 363 -151
363 460 995
460 258 606
258 142 216
142 429 -432
429 330 550
330 514 762
514 80 718
80 300 -987
300 213 -619
213 321 -133
321 240 497
240 531 506
531 528 -770
528 579 -302
579 64 282
64 519 540
519 615 990
615 596 758
596 255 241
255 25 -165
25 278 -543
278 292 -134
292 50 855
50 359 -312
359 173 -840
173 580 -236
580 274 421
274 268 -820
268 243 -131
243 568 -179
568 137 987
137 102 195
102 219 -464
219 61 435
61 186 651
186 92 898
92 322 985
322 469 228
469 453 446
453 8 -647
8 43 -910
43 316 -363
316 438 -582
438 26 -184
26 577 -550
577 446 895
446 419 -85
419 465 -62
465 189 -803
189 391 -637
391 276 564
276 523 -153
523 357 145
357 9 -902
9 201 927
201 24 -314
24 312 -902
312 549 349
549 109 -674
109 614 -108
614 290 -804
290 261 -903
261 16 -247
16 449 808
449 398 784
398 166 -867
166 346 -566
346 362 203
362 574 650
574 556 -87
556 602 429
602 198 -456
198 253 214
253 162 -887
162 163 -613
163 550 -186
550 269 659
269 158 466
158 129 -817
129 601 -306
601 95 -756
95 331 -642
331 486 -109
486 423 -916
423 533 -93
533 140 -172
140 294 -479
294 324 981
324 4 -621
4 311 -881
311 506 -329
506 62 -72
62 252 -565
252 583 -583
583 128 640
128 168 122
168 388 352
388 14 -713
14 411 710
411 248 -885
248 221 -172
221 83 135
83 279 -114
279 96 -191
96 13 811
13 555 40
555 112 -972
112 558 996
558 484 -371
484 193 653
193 435 -627
435 459 76
459 223 331
223 470 667
470 336 -392
336 524 778
524 181 -820
181 376 837
376 101 -182
101 314 -417
314 451 -178
451 590 57
590 270 -692
270 70 -366
70 36 488
36 55 731
55 116 -902
116 504 -301
504 351 -651
351 416 -634
416 79 -132
79 196 -252
196 481 269
481 599 -39
599 68 -227
68 386 677
386 49 -650
49 374 -641
374 148 -851
148 332 -170
332 287 -678
287 310 -136
310 589 548
589 297 473
297 11 -300
11 338 478
338 17 -654
17 538 -504
538 136 -455
136 420 -44
420 30 -78
30 39 -348
39 211 -895
211 426 549
426 257 13
257 463 -882
463 318 597
318 392 -432
392 402 48
402 444 231
444 170 -636
170 430 873
430 277 -387
277 371 937
371 462 -158
462 422 530
422 254 747
254 347 -919
347 18 -76
18 188 118
188 293 615
293 225 176
225 180 184
180 153 659
153 467 -527
467 447 141
447 167 -461
167 433 -768
433 74 110
74 155 806
155 503 -125
503 249 904
249 565 745
565 594 436
594 23 -397
23 511 -778
511 3 803
3 516 -716
516 597 -396
597 54 280
54 587 -9
587 302 782
302 241 158
241 527 -255
527 582 172
582 100 -986
100 557 312
557 147 -629
147 303 958
303 239 -387
239 491 500
491 284 928
284 408 -96
408 354 -836
354 63 -183
63 146 -975
146 476 -865
476 571 178
571 505 -234
505 175 -565
175 488 -78
488 164 -508
164 593 668
593 493 -38
493 397 497
397 106 -223
106 500 -778
500 600 -415
600 58 316
58 87 704
87 410 -393
410 194 509
194 215 803
215 21 258
21 169 -841
169 214 -893
214 35 -696
35 149 -578
149 578 352
578 299 -391
299 496 73
496 27 522
27 417 725
417 7 483
7 552 -122
552 6 773
6 405 801
405 348 338
348 365 -451
365 250 -746
250 548 160
548 440 -518
440 468 186
468 127 401
127 562 -904
562 537 -185
537 563 998
563 44 198
44 560 -884
560 233 444
233 218 610
218 150 890
150 421 676
421 275 -248
275 482 -161
482 99 971
99 266 -308
266 546 -671
546 515 -287
515 425 999
425 606 357
606 443 88
443 367 630
367 22 -223
22 47 -265
47 53 -367
53 389 -863
389 353 684
353 93 -451
93 126 946
126 464 -799
464 478 -985
478 320 -81
320 618 814
331 147 -869
436 312 -961
559 433 -865
207 425 -387
315 470 -849
424 594 171
380 361 900
228 153 524
555 44 611
352 418 -836
123 83 -527
519 312 678
566 347 844
68 467 431
83 70 161
560 425 -440
596 136 -715
178 308 936
480 453 -359
163 39 648
319 129 -292
146 563 -786
1 343 352
177 465 620
331 505 -511
419 266 113
512 373 769
429 278 -420
7 266 -958
408 35 638
496 537 -164
342 79 135
47 353 -162
465 503 930
568 571 301
368 493 220
283 173 -760
233 150 -309
598 534 -254
119 143 -655
263 265 -179
109 7 74
7 99 621
512 525 195
55 218 138
94 290 480
218 421 -918
406 501 -917
260 304 378
490 444 240
245 4 -180
233 425 -303
567 388 -3
375 462 881
254 527 -807
229 245 400
451 167 -727
429 433 -361
576 392 203
58 443 -109
314 444 -37
517 558 -668
394 293 -493
475 521 831
560 515 -138
445 353 260
10 124 -832
437 311 480
31 53 -712
48 176 -631
32 50 -425
442 206 434
133 173 -434
445 578 -80
29 216 -453
374 433 -277
67 308 -574
286 106 -748
396 551 642
135 517 -80
139 433 -574
289 320 -553
506 241 -725
408 571 -364
109 503 -660
467 93 75
355 67 -208
204 79 380
500 299 288
134 452 -216
343 277 247
472 294 135
524 164 -919
535 558 717
367 126 148
328 528 686
450 250 -862
165 580 372
604 61 -662
545 142 -763
357 149 -8
147 47 618
546 464 -605
89 594 793
205 41 -905
574 7 62
164 464 -476
53 618 -928
305 261 763
184 219 573
457 523 -51
420 402 -648
367 478 185
349 422 -558
171 149 649
321 294 -491
2 325 -816
200 496 -932
435 297 -128
402 516 -171
454 166 -960
528 560 -367
471 163 -396
175 560 552
51 83 -447
41 459 964
558 299 -321
235 357 759
95 552 -979
101 589 -830
152 555 -976
73 467 -675
7 44 -48
603 300 -770
418 475 -548
148 310 246
478 618 -828
463 127 -806
467 478 440
192 31 86
430 562 981
421 99 -388
271 116 -352
98 321 -190
72 211 205
412 332 443
407 537 835
480 606 235
223 451 474
545 543 939
384 557 -946
499 102 461
95 36 288
347 215 -384
119 186 969
55 332 822
562 233 -295
257 241 276
42 332 -6
307 515 -746
386 402 318
569 304 544
271 166 -747
378 354 730
543 146 -356
197 152 213
583 96 676
434 391 828
530 386 -864
125 600 313
41 404 -470
262 569 164
565 552 -210
222 111 -736
613 479 -742
576 399 -899
374 538 -290
209 92 339
399 524 -696
447 175 -39
464 618 -546
472 331 -498
318 511 179
128 47 -637
545 165 215
209 105 13
469 347 208
221 87 632
141 17 456
497 230 286
304 496 333
516 552 -64
276 430 -23
214 126 849
600 299 -979
31 54 56
133 188 422
376 467 764
64 276 784
364 239 1
595 136 -360
470 496 -881
509 505 370
130 445 825
585 561 -383
545 562 -267
340 424 -371
314 6 -519
206 544 -605
562 443 295
112 426 364
336 297 -862
91 293 429
449 68 690
243 167 264
523 312 -361
71 509 665
174 421 -670
363 74 767
476 21 331
118 269 -503
244 165 -587
238 99 -938
38 92 206
291 211 -500
69 238 -172
120 320 131
427 38 337
267 538 -85
4 49 -243
291 531 -567
578 53 940
370 278 588
235 591 332
516 164 -526
417 563 -310
278 426 941
516 175 885
466 64 -317
607 511 -836
217 169 660
564 303 -569
2 163 -758
233 99 -746
363 600 158
4 239 -492
39 468 -397
42 74 170
133 210 691
585 58 -739
58 99 -228
335 127 -427
387 561 -305
238 146 -861
442 348 -291
260 245 -617
617 314 304
574 99 672
357 261 -43
41 183 828
59 220 -363
491 353 828
562 606 978
50 484 -512
485 80 -439
332 7 -863
268 320 255
14 590 835
101 464 -129
30 426 -428
212 560 -861
498 97 234
606 464 -468
127 478 -492
596 440 -344
38 276 -128
351 127 -798
370 348 -429
199 302 -685
407 459 -479
538 491 -461
88 7 -970
82 479 58
601 250 -912
426 587 -914
29 538 -509
334 254 370
562 425 -631
234 154 738
397 606 466
541 214 -991
509 14 -383
439 375 -119
381 475 190
65 552 588
108 611 441
562 389 -89
75 506 50
173 478 495
373 312 -432
244 400 765
533 148 861
523 527 -597
598 174 -241
372 339 -224
473 441 216
243 587 -288
456 535 -512
156 564 818
314 496 -126
252 30 779
534 107 -127
380 122 290
460 169 -588
500 367 -4
203 102 -498
584 605 804
220 486 76
554 39 619
462 557 957
329 574 -326
445 26 -812
479 232 20
315 102 -666
333 549 628
232 198 497
198 505 -906
41 245 -850
198 175 905
203 583 476
613 529 243
313 451 -658
227 194 925
441 245 130
297 147 830
275 425 -955
221 35 539
142 140 329
346 129 477
348 126 -692
505 27 -460
482 320 189
99 443 -438
455 342 -285
127 464 -629
62 336 -396
586 427 -844
242 548 -412
348 478 -868
68 53 -394
322 565 -342
227 499 -810
582 578 297
321 55 805
290 58 -699
381 502 -635
309 438 -4
225 594 371
400 378 142
582 493 -51
374 347 335
304 365 -88
983 791 585
189 6 65
640 658 -716
71 137 694
515 540 692
778 46 269
5 309 826
975 955 -407
805 924 64
617 344 -300
123 516 303
566 858 -173
631 20 546
229 740 -320
585 676 871
444 782 786
307 395 463
139 359 914
856 69 -919
47 571 826
409 12 971
503 833 -918
108 296 864
309 392 -542
899 349 -803
70 13 939
738 430 -612
744 755 -144
371 730 359
105 771 -936
111 752 -887
454 953 33
914 228 90
475 778 -10
123 329 969
229 930 -792
212 744 -338
695 82 735
519 906 426
734 681 15
183 813 254
105 130 -427
398 964 -949
809 914 706
131 67 190
538 100 872
208 674 -903
483 719 -894
127 531 756
982 911 937
461 31 -31
731 287 -935
225 333 -24
777 425 -537
475 100 792
927 979 -507
532 329 396
734 65 -253
829 362 562
725 520 -795
127 587 574
152 250 -680
247 130 293
957 382 704
757 371 433
772 449 207
492 80 157
103 559 -891
251 870 -428
206 897 -68
467 844 135
803 681 833
878 278 -866
131 716 782
253 340 110
5 42 -119
663 240 753
887 159 -32
907 363 -988
506 852 623
256 42 571
165 642 297
248 289 521
265 443 718
630 197 -276
208 69 -569
680 504 466
879 151 341
982 161 -160
98 100 92
67 946 75
277 856 809
82 420 218
469 306 -430
157 372 105
535 178 -813
329 274 -939
763 649 -478
814 962 868
358 603 -692
401 71 513
514 238 268
801 888 -951
489 868 -4
246 202 37
23 930 569
565 468 -957
519 646 -518
828 904 956
685 232 51
633 556 295
367 560 42
614 154 -239
903 879 -493
299 91 899
976 501 -230
506 446 -139
732 544 198
534 438 -801
744 264 -359
564 835 -429
139 787 -152
674 549 734
903 866 -673
12 866 454
443 321 -696
529 199 602
804 710 -21
694 267 -304
926 367 -550
922 267 -699
509 678 -396
880 235 -461
930 867 -131
463 379 -388
100 595 536
809 106 500
265 497 -60
105 595 -247
612 738 815
338 332 380
783 572 -820
734 475 -363
790 843 -741
972 122 -395
646 395 -988
351 247 738
530 68 504
393 209 691
718 939 -385
106 944 -481
962 315 -611
514 297 113
190 741 -277
245 894 -989
534 142 519
190 267 676
548 788 -407
848 687 -452
635 435 307
119 133 296
646 939 451
492 822 841
465 786 343
565 709 547
544 97 31
614 657 75
444 493 856
354 201 -60
914 302 995
822 733 -769
278 245 242
332 692 983
791 730 -346
478 468 228
698 568 163
663 740 325
633 282 171
242 66 -706
974 488 -24
581 374 171
180 108 -117
553 827 769
836 869 -828
122 948 -265
464 828 -59
275 40 158
701 242 -408
789 147 -145
75 359 588
14 621 -915
103 962 602
297 75 -792
315 955 911
130 721 732
325 674 -504
880 92 797
982 565 692
252 66 -962
562 572 742
612 792 639
40 454 -547
626 918 80
62 781 -658
527 122 -40
297 646 -167
27 447 -410
317 782 613
691 964 688
258 144 -40
728 679 -130
417 697 548
273 901 171
120 532 30
852 848 397
848 720 -137
168 300 -687
217 550 -462
221 424 111
881 71 -860
239 934 387
724 147 -131
643 5 775
129 923 -604
548 411 716
398 469 -330
982 605 -809
712 143 -54
581 672 -972
941 481 -219
659 670 -57
263 854 -538
849 890 330
718 5 -437
316 918 -723
655 113 -125
788 151 -736
213 880 -402
191 366 -3
877 33 -918
263 960 -38
57 180 619
79 583 -827
124 858 475
398 887 -41
538 35 -994
446 524 971
268 760 450
177 356 -579
215 386 800
585 786 -200
53 631 -568
43 942 -977
327 842 -301
247 468 -273
800 476 -542
514 363 -584
699 344 312
239 161 965
271 472 678
249 386 -305
365 42 -609
223 910 581
403 127 725
239 456 768
324 793 -514
267 504 659
563 899 418
485 352 338
866 835 -209
142 277 -162
880 78 36
160 162 -206
787 799 748
822 467 655
519 117 711
477 222 -207
31 40 668
778 967 582
656 670 -268
37 932 -543
634 904 931
693 825 -484
872 17 -735
935 524 193
354 7 -508
597 266 296
660 288 -938
814 342 296
359 543 -551
701 506 428
640 410 -47
280 644 25
982 519 243
699 408 -808
46 207 -436
134 456 -582
176 209 -991
620 384 -694
157 586 -791
778 747 -64
459 590 38
599 56 604
290 374 515
384 683 280
298 442 -708
529 6 830
126 736 866
806 959 -12
401 2 752
376 297 -912
365 389 -941
31 98 -51
855 60 580
776 334 -462
728 146 296
918 537 297
289 690 -150
966 955 -822
745 241 323
453 555 -686
734 287 649
124 81 724
517 843 -63
906 763 406
774 330 -925
948 425 -307
718 283 -255
538 523 281
403 901 927
508 115 -271
612 719 -829
471 708 259
855 213 -752
643 2 740
899 796 -447
284 779 445
505 953 -907
249 456 -355
208 545 -785
415 828 -464
757 732 983
105 970 587
365 686 724
653 223 242
55 790 499
611 482 -245
386 56 -615
966 429 972
655 39 -679
475 609 104
734 873 906
598 697 954
809 11 -657
384 89 664
809 523 515
617 390 531
583 819 75
865 932 -98
911 945 842
31 493 -970
873 503 -622
961 830 649
317 759 429
204 724 748
880 802 -80
978 353 -99
873 273 -128
357 472 779
954 743 -751
94 120 -452
687 246 -415
964 938 584
307 476 490
66 311 -928
983 804 -57
590 675 344
320 125 72
273 879 580
45 202 -980
130 558 -232
562 545 -500
68 65 304
496 6 356
384 92 -177
409 485 849
409 655 -637
12 566 -975
855 629 -909
633 665 -355
441 311 -764
374 309 -108
953 173 279
157 75 -805
607 508 -525
66 966 551
972 539 -616
62 770 -680
205 815 -162
271 748 -367
689 382 716
65 341 499
186 110 587
918 356 688
693 230 119
871 606 -727
879 257 -792
98 249 -578
156 525 867
721 486 434
728 185 418
31 718 236
730 292 84
204 154 478
365 178 -104
126 259 -199
320 511 -216
464 340 476
644 416 -446
174 294 -425
541 773 -688
167 108 -255
454 357 -141
640 284 -210
506 813 -508
446 109 520
727 285 139
833 728 431
355 330 528
720 811 -964
876 156 929
523 199 962
872 194 208
413 862 331
729 159 -174
489 706 -726
277 110 -190
398 319 -605
293 634 -687
320 544 947
85 60 456
384 83 28
574 280 -621
643 491 993
40 510 224
885 448 -490
962 383 -73
814 207 -32
882 957 -661
581 685 944
403 278 739
48 97 -195
899 122 -794
5 837 857
306 917 -356
258 620 -30
632 502 -731
819 787 700
477 37 972
465 966 177
769 758 751
534 83 -65
574 284 -554
454 408 288
977 104 487
167 613 701
552 149 113
514 144 266
618 696 -343
242 57 -980
249 584 391
410 841 -784
99 687 838
633 714 843
12 64 -299
512 210 319
127 572 -101
304 77 -452
491 341 -175
982 450 296
471 398 302
551 341 -702
224 924 453
471 769 -352
355 197 -152
574 551 -731
194 967 -467
393 542 -940
720 885 199
98 402 -130
152 292 -264
419 422 274
541 731 -53
249 241 941
839 336 -245
203 714 193
422 50 800
483 301 563
603 462 -831
286 704 -539
390 154 871
191 818 -150
271 897 334
293 112 180
965 442 412
275 575 -936
982 788 -253
471 836 -131
705 712 -453
167 540 268
772 746 -179
390 358 807
822 367 997
499 548 131
83 594 392
825 868 -454
506 881 927
653 135 -962
253 663 -103
498 118 321
870 433 -173
253 398 458
275 585 71
529 424 790
817 966 175
183 689 865
690 331 994
419 481 767
983 699 -605
585 486 -668
142 484 865
315 870 -523
113 210 -170
159 65 -796
774 888 -448
196 796 804
375 973 957
714 791 633
322 748 -163
676 726 -317
702 937 23
473 444 708
3 367 -17
146 321 877
251 180 41
663 465 709
864 308 394
587 291 -403
762 928 -618
576 263 755
376 872 -605
809 189 139
469 226 418
714 419 -479
154 936 395
473 68 612
322 145 795
329 452 -313
66 122 -290
881 439 126
898 72 -105
441 456 144
644 582 572
969 719 716
774 286 -162
175 411 -259
900 392 -516
203 418 507
273 40 330
343 698 -435
911 82 -976
849 506 977
473 291 -122
960 390 846
575 72 -145
691 714 621
140 253 -976
2 437 -346
179 424 -725
372 302 -314
624 59 -166
203 445 -142
408 44 761
932 184 286
471 519 484
788 783 771
215 803 -523
214 172 -769
210 64 -324
103 454 -511
508 352 271
576 357 747
461 403 361
305 944 -11
322 525 -862
409 633 -569
774 545 -235
725 449 -550
433 396 -218
98 692 -289
614 259 -893
251 432 15
586 166 -291
117 139 -373
503 928 435
165 695 417
144 799 -453
17 969 928
176 878 392
242 408 -991
646 189 -344
872 106 91
225 725 749
47 772 -211
643 208 -802
338 864 951
463 58 930
714 978 667
809 887 -33
701 295 954
833 661 681
514 263 983
506 315 -116
174 726 128
724 491 446
579 866 -132
126 70 375
610 425 766
801 565 -140
693 667 -941
879 115 108
79 46 516
122 421 44
57 360 917
464 831 721
666 930 -617
378 221 -200
958 424 909
638 246 600
53 767 512
422 652 605
51 253 838
640 5 -753
149 570 250
40 458 -569
403 585 158
376 213 821
694 601 8
781 310 1000
446 199 -179
328 683 -508
742 801 908
471 982 600
830 863 267
819 888 -960
605 393 153
14 25 -268
450 956 -540
967 222 54
607 477 811
212 908 -637
901 17 407
335 949 888
583 906 -65
548 85 -98
477 421 -830
44 731 -948
948 227 304
114 439 -193
607 31 -582
123 878 925
938 539 -24
960 190 357
798 779 -322
494 600 243
137 324 -344
156 580 124
320 107 467
17 108 -458
871 765 -432
617 206 -398
704 22 908
845 108 -980
487 166 475
635 62 457
39 64 -777
519 763 -820
746 646 -622
471 225 -871
701 478 93
716 431 302
375 937 725
68 112 194
748 737 -589
459 384 -219
95 752 793
790 885 83
142 864 -9
615 894 -886
351 727 -262
587 956 408
781 311 -66
625 33 -437
97 570 -787
419 438 -226
389 939 -277
220 72 907
746 493 -330
86 694 -234
612 373 111
375 720 501
534 571 -213
833 544 835
94 861 -155
803 711 556
925 287 -365
231 601 -579
514 354 141
142 933 -423
708 53 -784
295 120 -472
876 439 567
157 142 -2
962 74 655
737 77 405
512 374 420
329 817 941
981 803 -591
908 943 -709
773 34 -58
585 876 224
275 734 477
100 634 -56
814 348 -797
981 826 -254
376 871 -532
71 921 459
398 519 310
252 950 -233
483 531 -49
62 832 806
471 227 971
283 541 678
51 676 -123
268 76 -764
181 760 -813
275 640 -737
469 651 -403
470 349 -277
962 316 -743
375 302 555
962 828 797
659 931 -240
33 202 925
488 431 377
253 701 496
855 654 -55
258 183 -248
291 709 248
371 653 -160
966 853 569
384 597 -105
799 32 -988
957 476 489
401 513 214
479 231 -120
633 464 13
271 575 784
329 646 -591
914 770 500
477 960 904
698 223 66
298 53 -401
580 562 -936
2 935 991
369 470 796
248 40 -121
11 66 -810
897 219 888
879 50 389
619 677 861
772 290 -279
873 130 996
315 370 939
938 631 -826
643 281 -756
7 630 286
45 825 -806
140 31 652
278 730 397
475 103 -977
50 969 619
532 243 650
176 172 -171
79 62 254
192 165 872
225 147 968
510 257 484
68 160 -310
76 61 -306
398 67 -373
289 261 494
44 317 -149
290 149 47
266 237 889
521 192 502
436 136 -834
245 64 -436
311 434 197
429 510 -594
148 348 961
419 323 421
513 287 71
190 222 645
224 41 538
57 137 -805
398 78 531
463 215 426
451 372 873
348 243 711
334 138 -195
178 480 -328
532 76 -688
290 331 515
271 344 -470
25 173 -754
101 163 -138
120 413 -69
214 448 63
175 489 -949
104 361 -339
299 158 -554
387 404 300
521 496 -760
65 270 -268
416 225 -141
4 66 18
469 463 273
246 445 400
266 265 327
126 321 -534
483 313 459
423 42 899
279 320 -68
105 511 -792
153 262 -987
451 187 292
371 288 -641
76 340 -298
161 329 51
532 409 374
254 174 519
397 67 835
260 91 -917
365 493 -726
260 181 -396
432 260 333
308 190 -794
350 418 -172
234 37 174
56 188 -177
462 401 62
286 248 221
101 37 -788
397 283 96
76 287 929
44 237 9
100 372 -656
148 510 -1
384 16 -335
330 147 -271
1 416 620
177 461 594
42 366 596
532 154 601
30 25 -300
257 140 -513
445 9 505
443 419 825
288 261 -225
510 346 -973
37 409 98
210 450 -717
386 114 -438
125 401 596
497 177 -2
103 189 -61
413 313 482
197 316 807
322 8 -517
44 117 -326
396 345 101
79 155 568
522 525 135
2 43 333
154 58 118
254 440 -729
516 467 -854
482 269 582
264 304 -279
510 134 307
270 284 -426
494 404 -825
314 372 812
108 71 -908
305 379 596
74 243 878
350 508 509
387 149 -595
20 386 237
386 65 173
170 454 271
474 253 472
240 427 -968
441 25 -496
361 262 268
44 72 -368
433 33 -370
136 112 277
140 168 -825
266 247 -248
336 392 850
474 404 -154
104 308 689
300 271 151
234 95 792
502 191 -372
246 48 -661
377 454 29
336 431 -144
386 148 858
223 489 -133
238 502 -126
44 108 864
207 85 -268
493 400 773
515 495 -627
65 287 181
213 297 -168
532 65 856
238 253 935
337 362 -421
487 461 -950
511 425 1
451 439 790
264 145 -202
242 60 409
95 299 272
130 145 -521
260 319 -130
117 242 454
44 267 694
171 243 -42
521 507 457
499 171 -897
532 402 452
402 312 -895
98 161 682
371 514 -720
416 238 990
301 331 -656
44 266 -943
90 527 497
251 370 139
116 92 -875
402 100 -675
175 207 730
398 124 -885
365 34 458
148 268 487
188 384 220
95 36 -539
293 161 -18
178 310 -975
436 339 -788
293 520 714
481 245 855
445 241 843
154 386 454
88 244 -852
160 508 196
107 206 -557
128 131 -205
200 288 154
32 423 -138
100 315 -843
200 262 22
76 44 88
526 25 727
224 173 -714
117 97 -299
4 276 -738
354 272 268
27 310 -820
233 262 -57
532 527 404
520 378 -239
516 239 653
147 422 -666
519 384 517
525 367 15
301 193 665
17 235 -46
108 251 725
244 115 -365
370 404 -306
104 324 -860
63 141 541
386 51 -82
509 31 -752
523 419 13
223 319 637
387 322 -629
154 20 85
416 187 -861
342 80 195
186 518 -218
145 198 -705
51 369 237
265 404 -611
1 200 361
56 423 503
85 321 883
45 8 804
451 354 759
266 317 -307
135 490 204
160 89 871
65 104 27
516 49 -957
245 143 780
390 190 658
120 295 81
188 433 755
474 284 -115
9 525 -509
394 366 251
363 277 -757
63 262 884
297 82 -797
359 337 -819
301 169 -394
306 270 694
52 344 -362
321 94 623
320 255 -696
136 336 980
342 341 605
112 7 774
284 254 -514
124 151 761
156 154 -259
292 247 942
368 320 489
161 173 251
268 111 694
100 217 601
76 79 67
36 318 -369
286 130 411
117 17 -74
317 244 596
319 379 -879
233 146 361
332 186 597
260 195 -883
361 374 223
324 236 466
117 99 -876
72 112 -702
100 336 453
97 241 -572
229 309 299
141 344 -727
180 381 -544
259 144 553
175 170 -309
36 231 131
67 63 446
351 59 -894
180 117 874
245 219 522
130 7 78
72 283 765
128 278 345
379 258 180
82 246 608
71 140 -474
180 58 -371
165 44 718
202 118 497
103 69 539
281 314 -46
308 251 -44
363 72 -383
131 337 941
335 75 464
125 324 913
103 301 960
37 35 497
205 230 -207
340 100 -668
152 252 682
302 88 -276
374 235 -997
222 297 45
352 75 -43
300 231 840
345 90 470
77 373 880
236 20 -599
112 200 715
76 20 -901
168 190 -603
128 324 45
83 158 -193
8 53 185
123 146 779
308 229 -953
172 71 982
65 332 304
106 318 931
166 99 427
16 187 308
184 387 879
259 128 276
299 308 -295
233 129 308
175 286 906
322 329 -821
354 24 -876
363 233 717
205 29 -889
145 110 149
5 108 965
374 219 -35
204 330 -407
232 140 -935
213 301 -85
44 358 -537
217 240 169
74 355 25
204 54 538
43 56 974
18 264 -564
37 372 -298
213 388 218
330 102 503
33 84 -973
290 309 398
145 232 -927
375 152 10
209 22 582
20 154 -647
329 305 -724
123 75 -348
50 287 -845
180 321 -363
375 38 99
226 62 577
61 94 150
150 147 -53
70 174 -703
92 337 -716
127 5 -262
58 379 816
76 293 -150
35 277 428
134 154 832
292 336 -574
67 316 72
85 5 -344
109 23 336
281 379 -155
74 317 877
23 254 -819
186 311 233
360 385 617
70 239 435
179 103 510
374 285 -675
374 384 -18
88 268 -282
135 241 460
180 193 -574
6 383 -666
52 386 553
322 150 -391
37 359 83
277 344 835
379 345 345
66 45 571
97 256 7
57 131 32
113 253 819
346 121 -693
113 124 -889
299 261 356
319 16 -941
259 149 502
365 262 -276
6 289 -382
273 305 332
112 281 -190
179 46 966
300 248 -691
263 12 470
394 170 -90
76 237 390
239 15 727
167 20 359
367 130 350
223 247 463
165 202 -921
346 226 -951
259 38 -371
34 75 -778
202 327 -361
372 160 -826
147 248 957
328 238 -481
281 139 -389
303 153 672
87 28 149
189 301 -518
322 33 -663
260 26 508
179 157 881
210 256 -907
345 93 314
23 83 -801
145 31 -275
146 227 -628
138 323 -535
34 290 -641
273 183 -106
273 255 965
278 335 -562
125 166 76
361 15 153
37 60 -6
126 373 -523
363 333 -854
307 170 529
3 390 975
308 344 416
117 136 380
164 333 176
197 388 -501
78 179 -262
67 74 918
127 295 -145
112 128 -804
195 324 175
141 102 896
41 246 -625
35 195 -937
236 291 807
121 139 -822
146 203 615
204 112 730
132 282 11
384 139 202
179 359 968
125 31 -146
264 66 702
68 317 232
137 218 625
379 343 -800
218 283 -292
242 366 981
350 365 -296
76 204 109
13 118 660
130 153 -837
342 168 -30
204 229 -841
81 323 -743
167 74 -191
311 97 509
266 347 -905
167 132 -177
18 392 -603
359 389 -242
115 259 875
290 294 -532
73 215 -864
36 313 -183
135 215 53
76 165 -515
368 267 -429
297 342 339
324 93 -739
163 239 -531
97 242 -890
155 293 574
22 389 299
345 228 2
363 374 803
152 360 808
179 9 977
170 163 -734
301 27 96
186 57 -790
69 341 390
35 299 -391
52 59 -598
48 140 955
283 82 -486
218 165 111
175 115 346
125 36 695
37 73 -755
305 27 -864
394 340 80
193 342 -737
274 185 -914
182 257 -628
275 156 -624
112 308 928
363 301 305
67 202 545
72 5 989
210 233 -901
61 205 -303
259 160 -462
47 362 700
386 347 -214
273 314 -712
40 365 -7
65 131 984
13 8 -467
210 383 611
351 367 229
8 241 109
272 293 683
5 38 -569
218 374 520
348 36 -635
16 190 -330
164 74 498
9 374 -802
290 242 442
180 175 -27
394 260 -714
354 16 576
297 138 724
186 384 -998
48 139 800
272 167 -369
261 188 -656
179 354 -261
207 373 -214
283 25 49
212 284 521
164 201 -147
368 351 -912
186 24 334
197 107 -38
272 21 -861
63 379 -75
332 224 424
117 155 915
283 93 -640
152 6 785
210 180 -874
216 248 538
32 350 -983
34 388 -830
252 142 381
71 154 892
128 94 563
359 87 839
165 330 -511
72 115 199
292 339 -234
328 188 948
344 172 -616
185 205 -771
336 119 -35
109 261 -31
284 226 685
170 191 -991
372 147 65
32 189 128
9 149 134
32 204 -335
211 66 -589
376 190 416
85 143 80
222 274 203
189 22 846
212 304 20
67 153 595
263 163 323
52 371 237
4 360 926
389 326 -95
307 329 -699
67 354 -655
5 138 -415
117 252 785
126 347 -111
